  31.0   30.9   31.0   31.6   32.7 
  31.0   30.8   31.1   31.6   32.9 
  31.0   31.0   31.2   31.6   33.1 
  30.7   30.9   31.3   31.8   33.4 
  31.0   30.9   31.3   31.8   33.5 
  31.0   31.1   31.0   31.8   33.7 
  31.0   30.9   31.2   32.1   33.9 
  31.0   31.0   31.3   32.1   34.1 
  30.9   31.0   31.4   32.3   34.3 
  31.0   31.0   31.3   32.4   34.5 
  31.0   31.0   31.4   32.2   34.7 
  31.1   31.0   31.4   32.7   34.9 
  31.0   31.1   31.5   32.7   35.1 
  31.1   30.9   31.4   32.8   35.0 
  31.0   31.0   31.6   32.9   35.5 
  31.1   31.2   31.6   33.0   35.7 
  31.0   31.1   31.6   33.2   36.0 
  31.1   31.2   31.8   33.3   36.2 
  30.8   30.8   31.7   33.4   36.5 
  31.1   31.3   31.8   33.7   36.7 
  31.0   31.4   31.6   33.8   36.9 
  31.2   31.3   31.8   33.8   37.1 
  31.1   31.3   31.8   33.9   37.3 
  31.2   31.3   31.8   34.1   37.6 
  31.3   31.3   31.9   34.2   37.8 
  31.3   31.5   32.0   34.4   37.9 
  31.3   31.4   32.2   34.4   38.3 
  31.3   31.4   32.3   34.7   38.6 
  31.3   31.5   32.3   34.7   38.8 
  31.3   31.5   32.2   34.9   38.8 
  31.4   31.5   32.3   35.1   39.3 
  31.4   31.6   32.4   35.1   39.4 
  31.4   31.5   32.5   35.3   39.6 
  31.4   31.7   32.6   35.4   39.9 
  31.3   31.7   32.6   35.7   40.0 
  31.4   31.8   32.8   35.6   40.3 
  31.5   31.8   32.8   36.0   40.5 
  31.4   31.8   33.1   36.2   40.7 
  31.7   32.1   33.1   36.3   40.9 
  31.7   31.9   32.9   36.5   41.1 
  31.7   32.0   33.2   36.6   41.5 
  31.7   32.0   33.2   36.7   41.7 
  31.7   32.0   33.4   37.0   41.9 
  31.8   32.2   33.4   37.1   42.1 
  31.9   32.2   33.5   37.2   42.2 
  31.8   32.3   33.5   37.4   42.5 
  31.9   32.3   33.7   37.6   42.6 
  31.9   32.3   33.8   37.6   42.8 
  32.0   32.4   33.8   37.6   43.0 
  32.0   32.5   33.8   37.9   43.3 
  32.0   32.6   33.9   37.8   43.5 
  32.2   32.7   34.1   38.4   43.7 
  32.2   32.7   34.1   38.5   43.8 
  32.3   32.8   34.3   38.7   44.2 
  32.2   32.8   34.3   38.6   44.4 
  32.4   32.9   34.3   38.4   44.5 
  32.4   32.9   34.4   39.2   44.6 
  32.4   33.0   34.6   39.1   45.0 
  32.3   33.2   34.6   39.2   45.0 
  32.6   33.2   34.7   39.3   45.4 
  32.5   33.0   35.1   39.4   45.5 
  32.7   33.2   34.8   39.5   45.7 
  32.6   33.4   35.0   39.5   45.6 
  32.7   33.4   35.0   39.9   46.1 
  32.8   33.5   35.2   39.8   46.3 
  32.6   33.5   35.3   40.2   46.4 
  32.9   33.6   35.2   40.4   46.7 
  33.0   33.5   35.4   40.7   46.9 
  33.2   33.9   35.6   40.7   47.1 
  33.0   34.0   35.7   41.0   47.3 
  33.3   33.9   35.7   40.9   47.8 
  33.4   34.1   36.0   41.2   47.6 
  33.4   34.1   36.2   41.5   47.8 
  33.5   34.2   36.2   41.5   48.1 
  33.5   34.3   36.5   41.7   48.2 
  33.6   34.4   36.3   41.7   48.5 
  33.4   34.6   36.4   41.8   48.6 
  33.8   34.4   36.5   42.0   48.8 
  33.8   34.5   36.5   42.2   48.7 
  34.0   34.7   36.7   42.3   49.1 
  33.8   34.8   36.7   42.6   49.5 
  33.7   34.8   37.0   42.7   49.6 
  34.1   34.9   37.0   42.8   49.6 
  34.1   35.0   37.0   42.9   49.9 
  34.2   34.9   37.2   43.0   49.9 
  34.3   35.2   37.0   43.0   50.3 
  34.4   35.3   37.4   43.4   50.4 
  34.4   35.1   37.5   43.5   50.6 
  34.5   35.4   37.8   43.5   50.8 
  34.5   35.5   37.6   43.8   51.0 
  34.7   35.6   37.8   44.2   51.2 
  34.8   35.7   37.9   44.3   51.4 
  34.9   35.8   38.1   44.4   51.5 
  35.0   35.9   38.1   44.4   51.8 
  35.0   36.1   38.0   44.5   52.1 
  35.1   36.1   38.3   44.6   51.9 
  35.2   36.1   38.4   44.8   52.8 
  35.2   36.3   38.6   45.0   52.5 
  35.4   36.2   38.6   45.0   52.2 
  35.4   36.3   38.9   45.1   52.9 
  35.4   36.3   38.7   45.2   53.1 
  35.4   36.5   38.9   45.2   53.1 
  35.6   36.6   38.9   45.5   53.2 
  35.6   36.5   39.0   45.8   53.3 
  35.7   36.6   39.1   45.7   53.5 
  35.8   36.7   39.0   46.0   53.9 
  35.8   36.9   39.3   46.1   53.9 
  35.9   37.0   39.2   46.2   54.1 
  35.9   37.0   39.3   46.3   54.4 
  36.1   37.1   39.3   46.4   54.4 
  36.0   37.0   39.5   46.4   54.5 
  36.3   37.2   39.4   46.6   54.7 
  36.2   37.3   39.7   46.8   54.7 
  36.4   37.5   39.8   46.9   55.0 
  36.5   37.5   39.8   46.9   55.1 
  36.5   37.6   39.8   46.9   55.4 
  36.7   37.5   39.9   47.2   55.3 
  37.0   37.8   40.2   47.2   55.7 
  36.8   37.8   40.2   47.6   55.7 
  36.7   37.9   40.3   47.6   55.9 
  36.9   37.8   40.5   47.6   56.2 
  36.8   38.1   40.6   47.9   56.3 
  37.0   38.3   40.5   47.9   56.3 
  37.1   38.3   40.7   48.1   56.3 
  37.3   38.4   40.7   48.1   56.7 
  37.3   38.4   40.7   48.3   56.8 
  37.4   38.5   40.5   48.2   56.8 
  37.4   38.6   40.8   48.3   57.0 
  37.5   38.6   40.9   48.7   57.1 
  37.6   38.8   41.0   48.6   57.3 
  37.7   38.9   41.1   48.6   57.3 
  37.7   39.0   41.2   49.1   57.5 
  37.8   39.1   41.4   49.2   57.6 
  38.0   39.2   41.5   49.4   57.9 
  38.1   39.2   41.6   49.5   58.1 
  38.3   39.4   41.8   49.5   58.3 
  38.3   39.4   41.8   49.8   58.4 
  38.4   39.5   41.9   49.9   58.8 
  38.6   39.6   42.0   49.9   58.8 
  38.6   39.7   41.7   50.2   59.1 
  38.7   39.8   42.2   50.2   59.1 
  38.7   39.8   42.2   50.3   59.1 
  38.8   40.0   42.5   50.6   59.1 
  38.9   40.0   42.6   50.6   59.6 
  38.9   40.2   42.6   51.1   59.6 
  39.0   40.2   42.7   51.1   59.8 
  39.1   40.4   42.6   51.2   59.9 
  39.3   40.6   43.1   51.4   60.1 
  39.4   40.7   43.0   51.4   60.1 
  39.2   40.6   43.1   51.5   60.5 
  39.4   40.8   43.1   51.4   60.6 
  39.5   40.7   43.3   51.5   60.6 
  39.5   40.7   43.3   51.5   60.5 
  39.5   40.8   43.1   51.5   60.8 
  39.5   40.8   43.3   51.6   61.0 
  39.5   40.8   43.3   51.8   61.0 
  39.7   40.9   43.5   51.8   61.2 
  39.8   41.1   43.5   52.1   61.3 
  39.8   41.1   43.5   52.1   61.3 
  39.9   41.2   43.6   52.3   61.5 
  39.9   41.1   43.6   52.2   61.5 
  40.0   41.2   43.7   52.3   61.9 
  40.2   41.5   43.8   52.5   61.9 
  40.3   41.5   43.9   52.8   61.9 
  40.5   41.7   43.9   52.8   62.3 
  40.4   41.7   44.1   52.8   62.3 
  40.4   41.9   44.1   52.9   62.4 
  40.4   41.9   44.3   52.6   62.6 
  40.6   41.9   44.2   52.9   62.6 
  40.7   41.9   44.3   53.2   62.6 
  40.8   42.0   44.1   52.6   62.8 
  40.8   42.1   44.3   53.2   62.8 
  40.8   41.9   44.5   53.3   62.6 
  40.9   42.2   44.5   53.5   63.2 
  40.9   42.2   44.5   53.6   62.8 
  41.1   42.3   44.6   53.9   63.4 
  41.2   42.6   44.8   53.8   63.4 
  41.5   42.7   45.0   53.9   63.6 
  41.6   42.8   45.0   53.8   63.6 
  41.6   42.7   45.2   54.2   63.8 
  41.7   43.0   45.1   54.4   63.8 
  41.7   43.0   45.1   54.5   64.1 
  41.8   43.3   45.5   54.8   64.3 
  41.9   43.3   45.6   54.8   64.3 
  42.1   43.5   45.6   55.0   64.5 
  42.1   43.5   45.7   55.0   64.7 
  42.1   43.5   46.0   55.3   64.9 
  42.0   43.6   45.8   55.1   64.9 
  42.1   43.6   46.2   55.6   65.1 
  42.5   43.8   46.2   55.7   65.1 
  42.6   44.1   46.3   56.0   65.3 
  42.8   44.1   46.6   56.0   65.5 
  42.7   44.1   46.7   56.2   65.5 
  42.9   44.1   46.9   56.2   65.7 
  42.9   44.3   46.8   56.3   65.7 
  43.3   44.5   46.8   56.5   65.7 
  43.0   44.5   47.1   56.5   66.1 
  43.1   44.5   47.1   56.3   66.1 
  43.1   44.5   47.1   56.8   66.1 
  43.3   44.6   47.1   56.8   66.3 
  43.3   44.6   47.2   57.0   66.3 
  43.5   44.8   47.2   57.1   66.5 
  43.6   45.0   47.3   57.1   66.7 
  43.7   44.9   47.3   57.3   67.0 
  43.7   45.1   47.3   57.5   67.0 
  43.8   45.4   47.6   57.6   67.2 
  44.1   45.2   47.3   57.8   67.4 
  44.1   45.5   47.8   57.9   67.4 
  44.3   45.5   47.8   57.9   67.4 
  44.4   45.6   47.8   58.1   67.8 
  44.3   45.6   47.9   58.3   67.8 
  44.3   45.6   48.1   58.3   68.0 
  44.4   45.8   48.2   58.6   68.0 
  44.5   46.0   48.2   58.8   67.8 
  44.6   46.1   48.5   58.6   68.2 
  44.6   46.2   48.3   58.8   68.0 
  44.8   46.2   48.6   58.9   68.5 
  44.8   46.3   48.6   58.9   68.7 
  45.0   46.2   48.8   59.1   68.9 
  45.0   46.6   48.8   59.3   69.1 
  45.0   46.8   49.1   59.6   68.9 
  45.1   46.7   49.2   59.6   69.3 
  45.1   46.7   49.4   59.6   69.3 
  45.4   46.9   49.5   59.9   69.6 
  45.2   46.8   49.5   59.9   69.6 
  45.5   46.7   49.6   59.9   69.3 
  45.4   46.9   49.6   60.3   69.8 
  45.6   46.9   49.6   60.1   69.8 
  45.5   47.2   49.6   60.1   69.8 
  45.5   47.2   49.6   60.1   70.0 
  45.6   47.3   49.9   60.3   70.3 
  45.8   47.4   49.9   60.3   70.3 
  46.1   47.6   50.0   60.1   70.3 
  46.1   47.7   50.0   60.5   70.3 
  46.1   47.4   50.0   60.3   70.5 
  46.3   47.9   50.2   60.8   70.9 
  46.2   47.9   50.3   60.8   70.7 
  46.6   48.1   50.6   61.0   70.7 
  46.4   48.2   50.7   61.2   70.9 
  46.7   48.2   50.6   61.5   71.2 
  46.8   48.3   50.8   61.3   71.4 
  46.8   48.5   51.0   61.5   71.2 
  46.8   48.5   50.7   61.7   71.7 
  47.1   48.6   51.1   61.7   71.7 
  46.8   48.7   51.1   61.7   71.7 
  47.1   48.8   51.4   61.7   71.9 
  47.2   48.8   51.5   62.1   71.7 
  47.2   49.0   51.5   62.1   71.9 
  47.1   48.8   51.5   61.7   71.9 
  47.2   49.0   51.5   61.7   72.1 
  47.2   49.0   51.4   61.5   72.1 
  47.3   48.7   51.0   61.3   72.1 
  47.3   49.0   51.4   61.3   72.4 
  47.4   48.8   51.4   61.9   72.4 
  47.6   49.2   51.5   61.9   72.4 
  47.7   49.4   51.6   62.1   72.4 
  47.7   49.5   51.4   62.3   72.6 
  47.8   49.5   51.8   62.3   72.6 
  47.7   49.4   51.5   62.4   72.9 
  47.9   49.5   51.6   62.6   72.9 
  48.1   49.6   51.6   62.4   72.9 
  48.1   49.5   51.6   62.6   72.9 
  48.3   49.6   51.6   62.4   73.1 
  48.1   49.5   51.8   62.1   73.1 
  48.1   49.5   51.6   62.3   73.4 
  48.1   49.6   51.6   62.3   73.4 
  48.5   49.6   52.1   62.8   73.6 
  48.1   49.8   51.8   62.6   73.6 
  48.5   49.9   51.9   63.0   73.6 
  48.6   50.0   52.2   63.0   73.9 
  48.5   50.0   51.8   62.4   73.9 
  48.5   50.0   52.1   63.2   74.2 
  48.6   50.2   52.2   63.2   73.9 
  48.7   50.4   52.2   63.4   74.2 
  48.7   50.0   52.2   63.4   74.2 
  48.6   49.8   52.3   63.8   74.4 
  48.8   50.3   52.3   63.8   74.2 
  49.1   50.4   52.5   63.6   74.4 
  49.1   50.4   52.3   63.6   74.7 
  49.0   50.6   52.3   63.8   74.7 
  48.8   50.6   52.3   63.9   74.7 
  49.1   50.8   52.5   63.9   74.9 
  49.1   50.8   52.5   64.1   74.9 
  49.4   50.8   52.8   64.1   74.9 
  49.4   51.0   53.1   64.5   74.9 
  49.6   50.8   53.1   64.7   75.2 
  49.6   51.2   53.2   64.5   75.2 
  49.8   51.2   53.1   64.5   75.5 
  49.9   51.2   53.3   64.5   75.5 
  49.9   51.4   52.9   64.5   75.5 
  49.8   51.2   53.3   64.5   75.7 
  50.0   51.5   53.6   64.7   75.7 
  50.2   51.8   53.5   65.1   75.7 
  50.3   51.8   53.9   65.1   76.0 
  50.3   51.9   54.1   65.3   76.0 
  50.2   51.9   54.2   65.3   76.0 
  50.2   51.9   54.1   65.5   76.0 
  50.3   51.9   54.4   65.3   76.0 
  50.7   52.1   54.2   65.7   76.3 
  50.3   51.9   54.4   65.7   76.6 
  50.3   51.9   54.2   65.5   76.6 
  50.2   51.8   54.1   65.3   76.3 
  50.3   51.6   53.8   65.3   76.9 
  50.4   51.6   53.8   65.5   76.6 
  50.6   51.6   53.6   65.5   76.6 
  50.7   52.1   53.9   65.9   76.6 
  50.7   52.3   53.9   66.3   77.1 
  50.7   52.5   54.1   66.3   77.4 
  51.0   52.5   54.4   66.5   77.4 
  50.7   52.5   54.5   66.7   77.4 
  50.8   52.6   54.7   67.0   77.4 
  51.0   52.8   54.8   67.0   77.4 
  51.0   52.6   54.7   66.7   77.4 
  51.0   52.8   54.7   67.0   77.7 
  51.0   52.8   54.5   66.7   78.0 
  51.1   52.9   54.8   67.0   78.0 
  51.1   53.1   55.0   67.2   77.1 
  51.4   52.9   55.0   67.2   77.7 
  51.2   53.1   55.1   67.0   78.0 
  51.2   52.9   55.0   67.2   78.3 
  51.2   53.2   55.1   67.0   78.3 
  51.4   53.2   55.3   67.2   78.3 
  51.5   53.1   55.1   67.4   78.3 
  51.4   53.2   55.3   67.4   78.6 
  51.5   53.3   55.3   67.4   78.6 
  51.6   53.5   55.6   67.6   78.6 
  51.8   53.8   55.7   67.8   78.9 
  52.1   53.8   55.7   67.8   78.9 
  52.1   53.8   55.7   67.6   78.9 
  52.1   54.1   55.7   67.6   78.6 
  51.6   53.8   55.9   67.6   78.9 
  52.2   53.8   56.0   68.0   79.2 
  52.2   53.9   56.0   67.8   78.9 
  52.2   53.9   56.0   67.8   79.2 
  52.2   53.9   56.0   68.2   79.2 
  52.3   54.1   56.2   68.2   79.5 
  52.5   54.2   56.3   68.5   79.5 
  52.3   54.4   56.7   68.5   79.5 
  52.3   54.4   56.7   68.0   79.5 
  52.6   55.4   56.8   68.7   79.8 
  52.6   54.5   56.8   68.5   79.8 
  52.6   54.5   56.7   68.5   79.8 
  52.6   54.5   56.7   68.5   79.8 
  52.5   54.5   56.7   68.9   80.1 
  52.9   54.7   57.0   68.9   79.8 
  53.1   55.0   57.3   68.7   80.1 
  53.2   55.0   57.1   68.7   80.1 
  52.9   54.8   57.0   68.5   80.1 
  53.1   54.8   56.8   68.5   80.1 
  53.2   54.8   56.8   68.5   80.1 
  53.2   55.0   56.8   68.5   79.5 
  53.3   55.0   56.8   68.7   80.1 
  53.5   55.1   56.8   68.7   80.4 
  53.5   55.0   57.0   68.5   80.1 
  53.3   54.8   56.8   68.5   80.4 
  53.3   54.8   56.7   68.5   80.4 
  53.1   54.5   56.7   68.5   80.4 
  53.2   54.8   56.5   68.2   80.4 
  53.2   54.8   56.5   68.9   80.4 
  53.2   54.8   56.7   68.9   80.1 
  53.2   55.0   56.8   69.3   80.7 
  53.3   54.8   57.0   69.6   80.7 
  53.2   55.3   57.3   69.8   81.0 
  53.6   55.1   57.1   70.0   81.0 
  53.5   55.4   57.3   69.6   81.4 
  53.6   55.3   57.5   70.3   81.4 
  53.8   55.4   57.6   70.5   81.4 
  53.9   55.4   57.6   70.7   81.7 
  53.6   55.6   57.5   70.7   81.0 
  54.1   55.7   58.1   70.9   81.7 
  54.1   55.7   58.1   70.9   81.7 
  54.5   56.0   58.3   70.5   82.0 
  53.9   56.2   58.4   70.9   82.0 
  54.2   56.3   58.4   70.9   82.0 
  54.4   56.2   58.6   70.9   82.0 
  54.5   56.3   58.4   70.9   82.0 
  54.5   56.5   58.4   70.5   82.3 
  54.7   56.3   58.4   70.7   82.0 
  54.7   56.5   58.6   70.9   82.0 
  54.5   56.3   58.1   70.9   82.3 
  54.5   56.5   58.6   70.7   82.3 
  55.0   56.5   58.6   70.9   82.3 
  55.0   56.7   58.4   70.9   82.7 
  55.0   56.7   58.8   71.2   82.3 
  55.1   56.5   58.8   71.2   82.7 
  55.3   56.7   58.8   71.2   82.7 
  55.3   56.8   58.6   70.9   82.7 
  55.1   56.8   58.6   71.2   82.7 
  55.0   56.8   58.4   71.2   83.0 
  55.0   56.8   58.6   71.4   83.0 
  55.1   56.7   58.6   71.2   83.0 
  55.1   56.7   58.6   71.4   83.0 
  55.0   56.8   58.6   71.9   83.3 
  55.1   57.0   58.8   71.4   83.0 
  55.3   56.8   58.8   71.7   83.3 
  55.3   57.0   58.9   71.9   83.3 
  55.3   57.0   58.9   72.4   83.3 
  55.4   57.3   59.3   72.4   83.3 
  56.0   57.5   59.6   72.4   83.3 
  55.6   57.5   59.1   71.7   83.7 
  55.7   57.6   59.3   72.4   83.3 
  55.9   57.6   59.1   71.9   83.7 
  55.7   57.5   59.1   71.9   83.7 
  55.6   57.5   59.1   71.9   83.7 
  55.4   57.3   58.9   71.9   83.7 
  55.4   57.3   58.9   71.9   83.7 
  55.4   57.3   58.8   71.9   84.0 
  55.4   57.3   58.9   71.9   83.7 
  55.4   57.3   58.8   71.7   84.0 
  55.4   57.3   58.9   71.9   84.0 
  55.3   57.3   58.9   71.9   84.0 
  55.3   57.3   58.8   71.9   84.0 
  55.4   57.1   58.8   71.9   84.0 
  55.6   57.0   58.6   71.9   84.0 
  55.6   57.3   58.8   71.9   84.4 
  55.7   57.5   58.9   71.9   84.7 
  55.7   57.5   58.9   72.1   84.4 
  55.7   57.8   58.9   72.1   84.0 
  55.9   57.8   59.1   72.6   84.7 
  55.9   57.9   59.3   72.9   84.7 
  55.9   57.8   59.3   72.6   84.7 
  56.0   57.9   59.3   72.6   85.1 
  55.7   57.8   59.3   73.4   85.1 
  55.7   57.8   59.4   72.9   84.7 
  55.7   57.8   59.6   72.9   84.7 
  55.7   57.8   59.4   72.9   85.5 
  55.9   57.9   59.8   72.9   84.7 
  55.9   58.1   59.9   73.1   85.1 
  56.2   58.1   59.9   73.6   85.1 
  56.3   57.9   59.8   73.1   85.1 
  56.5   58.9   59.9   73.1   85.1 
  56.5   58.6   59.9   72.9   85.1 
  56.7   58.6   59.9   73.4   84.7 
  56.8   58.8   60.1   73.4   85.1 
  56.8   58.6   59.9   73.4   85.1 
  56.7   58.4   59.9   73.1   85.1 
  56.3   58.4   60.1   73.1   85.1 
  56.5   58.3   59.9   73.1   85.1 
  56.5   58.4   59.8   73.4   85.1 
  56.7   58.4   59.9   73.4   85.5 
  56.7   58.4   59.8   73.4   85.5 
  56.7   58.4   59.9   73.4   85.5 
  56.5   58.6   60.1   73.4   85.5 
  56.8   58.8   60.1   73.6   85.8 
  56.7   58.6   59.9   73.4   85.8 
  56.3   58.6   60.1   73.1   85.8 
  56.8   58.6   59.9   73.4   85.5 
  57.0   58.4   60.1   74.2   85.8 
  56.7   58.9   60.5   73.6   86.2 
  56.8   58.9   60.3   73.9   86.2 
  56.8   58.9   60.6   73.9   86.2 
  57.0   58.9   60.6   73.9   86.2 
  57.0   58.8   60.6   73.9   86.2 
  56.8   58.9   60.5   73.9   85.8 
  56.8   58.9   60.5   73.6   86.2 
  56.8   58.9   60.3   73.6   86.2 
  57.1   58.8   60.3   73.6   86.6 
  56.8   58.8   60.1   73.6   86.6 
  56.8   58.6   60.1   73.9   86.6 
  56.8   58.6   60.3   73.9   86.6 
  57.0   58.9   60.3   73.9   86.6 
  57.0   58.8   60.3   74.2   86.6 
  57.0   58.8   60.3   73.9   87.3 
  57.1   58.8   60.3   74.2   86.6 
  56.8   58.8   60.3   73.9   86.9 
  57.0   58.9   60.3   74.2   86.9 
  57.1   58.9   60.5   73.9   86.9 
  57.1   58.9   60.6   74.2   86.9 
  57.1   58.9   60.6   74.4   86.6 
  57.0   58.9   60.5   74.2   86.9 
  57.1   58.8   60.6   74.4   87.3 
  57.1   58.9   60.6   74.4   86.9 
  57.1   59.1   60.6   74.7   87.3 
  57.1   59.1   60.8   74.7   87.3 
  57.1   59.1   60.5   74.4   87.3 
  57.1   59.3   60.6   74.9   87.3 
  57.1   59.1   60.6   74.4   87.3 
  57.3   59.3   60.6   74.2   87.3 
  57.1   59.1   60.6   74.4   87.3 
  57.1   59.1   60.6   74.7   87.7 
  57.3   59.3   60.8   74.9   87.3 
  57.5   59.4   61.0   75.2   87.3 
  57.5   59.6   61.2   75.2   87.3 
  57.6   59.4   61.3   75.2   87.3 
  57.8   59.8   61.2   75.2   87.3 
  57.9   60.3   61.3   75.2   87.7 
  57.9   60.3   61.7   75.2   87.7 
  57.9   59.9   61.7   75.5   87.7 
  57.9   59.9   61.7   75.2   88.1 
  57.8   59.8   61.3   75.2   87.7 
  57.8   59.8   61.7   74.4   87.7 
  57.9   59.8   61.5   75.5   88.1 
  58.1   59.8   61.5   75.2   88.1 
  58.1   59.9   61.5   75.2   87.7 
  58.3   59.8   61.5   74.9   87.7 
  57.9   59.8   61.3   76.3   88.1 
  58.1   59.6   61.3   75.2   87.7 
  57.9   59.8   61.3   75.2   88.1 
  57.9   59.6   61.5   75.5   88.1 
  58.1   59.9   61.7   75.7   88.1 
  58.3   60.1   61.7   75.5   88.1 
  58.1   60.1   61.5   75.5   88.1 
  58.1   59.9   61.5   75.2   88.1 
  57.9   59.9   61.2   75.2   88.1 
  58.1   59.8   61.3   75.2   88.5 
  58.1   59.8   61.3   75.2   88.1 
  58.1   59.9   61.5   75.7   88.5 
  58.4   60.3   61.9   75.7   88.9 
  58.6   60.5   62.1   76.0   88.9 
  58.8   60.8   62.1   75.7   88.9 
  58.9   60.6   62.1   76.0   88.5 
  58.8   60.6   61.9   76.0   88.9 
  58.8   60.6   62.3   76.0   88.9 
  58.6   60.5   62.1   75.5   88.9 
  58.3   60.3   62.3   75.7   88.5 
  58.4   60.6   62.1   76.3   88.9 
  58.8   60.5   62.1   75.7   88.9 
  58.6   60.5   62.3   76.3   88.9 
  58.8   60.6   62.6   76.3   88.9 
  59.1   61.0   62.4   76.3   89.3 
  58.9   60.8   62.8   76.6   89.3 
  59.1   61.0   62.8   76.6   88.9 
  59.1   61.0   62.8   76.6   88.9 
  59.1   61.0   62.6   76.3   88.9 
  58.6   60.8   62.6   76.3   89.3 
  58.9   60.8   62.6   76.0   89.3 
  58.6   60.6   62.6   76.0   89.3 
  58.8   60.5   62.1   76.0   88.9 
  59.6   60.6   62.1   76.0   89.7 
  58.6   60.6   62.3   76.0   89.3 
  58.9   60.6   62.3   76.6   89.3 
  59.1   61.0   62.4   76.9   89.3 
  59.1   60.8   62.6   76.6   89.3 
  59.3   61.0   62.8   76.9   89.7 
  59.1   61.2   62.8   77.1   89.7 
  59.3   61.0   62.8   76.9   89.7 
  59.1   61.3   63.8   77.1   89.3 
  59.3   61.3   63.2   77.1   89.7 
  59.1   61.5   62.8   77.1   89.3 
  59.3   61.5   63.2   77.1   89.7 
  59.6   61.3   63.4   77.1   89.3 
  59.6   61.5   63.2   76.9   89.7 
  59.4   61.3   63.2   75.7   89.7 
  59.4   61.3   63.2   76.9   89.3 
  59.4   61.0   63.2   77.1   89.3 
  59.6   61.5   63.2   77.4   89.3 
  59.8   61.7   63.2   77.7   90.1 
  59.9   62.1   63.8   77.7   89.7 
  59.9   61.5   63.4   77.7   89.7 
  59.6   61.7   63.4   77.1   89.7 
  59.3   61.7   63.4   75.7   89.7 
  59.3   61.3   63.2   76.6   89.7 
  59.1   61.2   62.8   76.6   90.1 
  59.1   60.8   62.8   76.6   89.7 
  59.3   61.2   63.0   76.9   90.1 
  59.1   60.8   62.8   76.6   90.1 
  59.1   61.2   62.8   77.4   90.1 
  59.3   61.2   62.8   76.9   89.7 
  60.3   61.5   63.0   76.9   90.1 
  59.4   61.5   63.0   76.9   90.1 
  59.4   61.5   63.2   76.9   90.6 
  59.4   61.5   63.0   77.1   90.1 
  59.6   61.7   63.4   77.4   90.1 
  59.8   61.7   63.4   77.4   90.6 
  59.8   61.7   63.2   77.4   90.6 
  59.6   61.9   63.6   77.4   90.1 
  59.8   61.9   63.8   78.0   90.6 
  59.9   62.1   63.8   78.0   90.1 
  59.9   62.1   63.8   77.7   90.6 
  59.8   61.9   63.8   77.7   89.3 
  59.9   61.9   63.8   77.4   90.6 
  59.9   62.1   63.8   77.7   90.1 
  59.9   61.9   63.8   77.4   90.1 
  59.9   62.1   63.6   77.4   90.6 
  59.9   61.9   63.8   77.1   90.6 
  60.1   62.1   63.8   77.7   90.1 
  60.3   62.3   63.8   77.7   90.6 
  60.5   62.4   64.1   78.0   90.6 
  60.5   62.4   64.1   78.0   91.0 
  60.5   62.3   63.9   77.7   89.3 
  60.6   62.3   64.1   78.0   90.6 
  60.5   62.4   64.1   77.7   89.7 
  60.6   62.6   64.1   78.3   91.0 
  60.6   62.4   64.1   78.3   90.6 
  60.6   62.6   64.3   78.3   91.0 
  60.6   62.4   64.1   78.3   90.6 
  60.5   62.4   64.1   78.0   91.0 
  60.3   62.4   64.1   77.1   91.4 
  60.5   62.4   64.1   78.3   91.0 
  60.6   62.6   64.1   78.6   91.0 
  60.8   62.8   64.3   78.9   91.0 
  60.5   63.0   64.5   78.9   91.0 
  60.8   62.8   64.5   78.9   91.0 
  60.8   62.8   64.7   78.9   91.9 
  61.0   63.0   64.1   78.9   91.4 
  61.0   62.8   64.5   78.9   91.0 
  60.8   62.8   64.7   78.6   91.4 
  60.8   62.6   64.5   78.6   91.4 
  61.0   63.0   64.5   78.3   91.4 
  61.0   62.8   64.7   78.3   91.4 
  60.8   62.8   64.3   78.3   91.9 
  60.8   62.8   64.3   78.6   91.4 
  60.6   62.8   64.5   78.3   91.4 
  60.8   63.0   64.5   78.6   91.4 
  60.6   62.6   64.1   78.3   92.8 
  60.6   62.4   64.5   78.3   91.0 
  60.5   62.6   64.1   78.3   91.4 
  60.3   62.4   64.1   78.0   91.9 
  60.5   62.3   64.3   78.0   91.4 
  60.3   62.1   64.1   78.0   91.4 
  60.1   62.4   64.3   77.7   91.4 
  60.1   62.1   63.9   78.0   91.4 
  60.1   62.1   63.9   78.0   91.4 
  59.9   61.9   63.9   78.0   91.9 
  60.1   62.1   63.8   78.3   91.4 
  59.8   61.7   63.9   78.0   91.4 
  59.9   61.7   63.8   78.0   91.4 
  59.8   61.7   63.8   78.0   91.0 
  60.3   61.9   63.6   78.0   91.4 
  60.1   61.9   63.6   77.7   91.4 
  59.9   62.1   63.8   78.0   91.4 
  60.1   62.1   63.8   78.0   91.9 
  60.1   62.3   63.6   77.4   91.9 
  60.3   62.3   63.6   78.0   91.4 
  60.3   62.1   63.6   77.7   91.9 
  60.3   62.3   63.4   78.0   91.4 
  60.1   62.3   63.4   77.7   91.9 
  60.3   62.1   63.4   77.4   91.9 
  60.1   62.1   63.2   77.7   91.0 
  59.9   61.7   63.2   77.7   91.9 
  59.9   61.9   63.4   78.3   91.9 
  59.9   62.1   64.5   78.6   91.9 
  60.1   62.1   63.4   78.3   91.9 
  60.1   61.9   63.4   78.3   91.9 
  59.9   62.3   63.4   78.3   91.9 
  59.9   61.9   63.2   78.3   92.3 
  59.9   61.7   63.2   78.3   91.9 
  60.1   62.1   63.2   78.3   91.9 
  60.1   62.1   63.4   78.3   92.3 
  59.9   62.1   63.4   78.3   92.3 
  60.1   62.1   63.4   78.3   91.9 
  60.1   61.7   63.6   78.6   91.9 
  60.1   62.3   63.4   78.6   92.3 
  60.1   61.7   63.6   78.6   92.3 
  60.3   62.3   63.6   78.3   92.3 
  60.3   62.3   63.9   78.3   92.3 
  59.9   62.1   63.6   78.3   91.9 
  60.3   62.3   63.6   78.3   91.9 
  60.3   61.9   63.6   78.3   92.3 
  60.5   62.3   63.6   79.2   92.3 
  60.5   62.1   63.6   78.6   91.9 
  60.5   62.1   63.4   78.6   92.3 
  60.5   62.1   63.6   78.0   92.3 
  60.5   62.3   63.4   78.6   92.3 
  60.5   61.9   63.4   78.9   92.3 
  60.5   62.4   63.8   78.6   92.8 
  60.8   62.4   63.8   78.9   92.3 
  60.8   62.6   64.1   78.9   92.3 
  61.2   62.8   64.1   79.2   92.3 
  61.0   63.0   64.1   79.5   92.3 
  60.8   63.0   64.1   79.2   92.3 
  61.0   62.6   64.1   79.2   92.3 
  60.8   62.6   64.1   79.2   92.3 
  60.6   62.6   64.1   79.2   92.3 
  60.6   62.6   64.1   79.2   92.3 
  60.5   62.6   64.1   78.6   92.3 
  60.6   62.6   64.1   79.2   92.3 
  60.6   62.6   64.1   79.2   92.3 
  60.8   62.8   64.5   79.8   92.8 
  61.2   63.2   64.5   79.8   92.8 
  61.5   63.4   64.9   79.8   92.8 
  61.7   63.6   65.1   80.1   92.3 
  61.5   63.6   64.9   80.1   92.8 
  61.7   63.4   65.1   79.8   92.8 
  61.5   63.4   65.1   79.8   92.8 
  61.5   63.9   65.1   79.5   92.8 
  61.3   63.4   65.1   79.5   92.8 
  61.5   63.4   64.9   79.5   92.8 
  61.5   63.2   64.9   79.2   92.8 
  61.3   63.4   64.7   79.2   92.8 
  61.2   63.2   64.9   79.2   92.8 
  61.5   63.4   65.1   79.5   92.8 
  61.7   63.8   64.9   80.1   93.2 
  61.5   63.6   65.1   79.8   92.8 
  61.9   63.8   65.1   80.1   92.8 
  62.1   63.9   66.1   80.4   93.2 
  62.3   63.9   65.7   80.1   92.8 
  61.9   63.9   65.5   79.5   93.2 
  61.9   63.6   65.5   80.1   93.2 
  61.9   63.8   65.5   79.8   93.2 
  61.7   63.6   65.5   80.1   93.2 
  61.5   63.4   65.5   79.5   92.8 
  61.7   63.4   65.5   79.8   93.2 
  61.7   63.6   65.5   80.1   92.8 
  61.7   63.6   65.3   79.8   92.8 
  61.7   63.4   65.3   79.2   93.2 
  61.7   63.2   65.1   80.1   93.2 
  61.7   63.4   65.1   80.1   93.2 
  61.7   63.4   65.1   79.8   93.2 
  61.9   63.6   65.1   79.8   93.2 
  61.9   63.8   65.1   79.8   93.2 
  62.1   63.9   65.1   79.8   92.8 
  62.1   63.9   65.3   79.2   93.2 
  61.9   64.1   65.1   79.8   93.2 
  62.3   63.9   65.1   79.8   93.2 
  62.1   64.1   65.1   79.5   93.2 
  62.3   63.8   65.1   79.8   93.2 
  62.1   63.9   65.1   80.1   93.7 
  62.1   63.9   65.3   80.1   93.2 
  61.9   63.9   65.1   80.1   93.2 
  61.9   63.9   65.1   78.9   93.7 
  61.9   63.8   64.9   79.8   93.2 
  61.9   63.4   64.7   80.1   93.2 
  61.5   63.6   64.9   79.8   93.2 
  61.3   63.4   64.7   79.5   93.7 
  61.5   63.4   64.7   80.1   93.7 
  61.3   63.4   64.5   80.1   93.2 
  61.3   63.4   64.7   80.1   93.7 
  61.3   63.6   64.9   80.1   93.7 
  61.5   63.8   64.9   80.4   93.7 
  61.5   63.8   64.9   80.1   93.7 
  61.7   63.6   65.3   80.1   93.7 
  61.9   63.8   64.9   80.1   93.7 
  61.9   63.8   64.9   80.1   93.7 
  62.1   63.6   64.9   80.4   93.7 
  62.1   63.9   64.9   80.1   93.7 
  62.1   63.4   65.1   80.7   93.7 
  61.9   64.3   65.7   80.1   94.2 
  62.4   64.3   65.7   81.0   94.2 
  62.3   64.3   65.7   81.4   94.2 
  62.8   64.5   66.1   81.4   94.2 
  62.4   64.5   65.7   81.0   93.7 
  62.4   64.5   66.1   81.4   94.6 
  62.4   64.1   65.9   81.4   94.2 
  62.4   64.5   65.9   81.0   94.2 
  62.3   63.9   65.9   81.0   94.6 
  62.3   63.9   65.9   80.7   94.2 
  62.1   64.1   65.9   80.7   94.2 
  62.1   64.3   65.9   81.4   94.6 
  62.3   64.3   66.1   81.0   94.6 
  62.4   64.5   66.1   81.4   94.2 
  62.6   64.5   66.3   81.4   94.6 
  62.6   64.7   66.5   81.4   94.6 
  62.6   64.9   66.5   81.4   94.6 
  62.8   64.9   66.7   81.4   93.7 
  63.0   65.1   66.7   81.7   94.2 
  63.0   65.1   66.7   81.0   94.6 
  63.0   65.1   66.7   81.0   94.2 
  63.4   65.1   66.5   81.4   94.2 
  63.0   64.9   66.3   81.0   94.2 
  63.0   64.7   66.5   81.0   94.6 
  62.8   65.1   66.7   81.7   94.6 
  63.0   65.1   66.5   81.4   94.2 
  63.8   65.3   66.7   81.4   94.2 
  63.6   65.3   66.7   81.7   94.6 
  63.4   65.3   66.3   81.4   94.6 
  63.0   65.1   66.5   81.4   94.6 
  63.2   65.1   66.7   81.4   94.6 
  63.0   64.9   66.3   81.4   94.6 
  63.0   64.7   66.5   81.0   94.6 
  62.8   64.9   66.1   81.4   94.6 
  62.8   64.7   66.3   81.4   94.2 
  62.6   64.5   65.9   81.0   94.6 
  62.6   64.7   66.1   81.0   94.6 
  62.8   64.7   66.1   81.4   94.2 
  62.8   64.7   65.9   81.0   94.6 
  62.8   64.7   66.1   80.7   94.2 
  63.0   64.9   66.1   81.0   94.6 
  63.0   64.9   66.3   81.0   94.6 
  63.0   64.9   66.1   81.0   94.6 
  63.0   64.9   66.1   80.7   94.2 
  62.8   64.7   65.9   80.7   94.6 
  62.8   64.7   66.1   80.7   95.1 
  62.6   64.5   66.1   80.7   94.6 
  62.6   64.5   66.1   80.4   95.1 
  62.6   64.5   65.9   81.0   94.6 
  62.6   64.5   65.9   81.0   94.6 
  62.6   64.5   66.3   81.4   95.1 
  62.6   64.5   65.9   81.4   94.6 
  62.6   64.5   66.5   81.0   94.6 
  62.4   64.5   65.9   80.7   94.6 
  62.3   64.3   65.9   80.7   94.6 
  62.4   64.1   65.7   80.7   95.1 
  62.3   64.3   65.5   80.7   94.2 
  62.4   64.5   65.5   80.7   94.6 
  62.4   64.1   65.5   80.7   95.1 
  62.4   64.1   65.9   81.0   95.1 
  62.4   64.3   65.9   81.0   94.6 
  62.3   64.5   65.9   81.4   95.1 
  62.6   64.5   66.1   82.0   95.1 
  62.8   64.9   66.3   82.0   95.1 
  62.8   64.9   66.3   82.0   95.1 
  62.8   64.9   66.5   81.7   95.1 
  63.0   64.9   66.3   81.7   95.1 
  62.8   64.7   66.3   81.4   94.6 
  63.0   64.7   65.9   81.4   95.1 
  62.8   64.7   66.1   81.4   94.6 
  62.3   64.5   65.9   81.0   94.6 
  62.6   64.9   65.7   81.4   95.1 
  62.6   65.1   65.7   81.4   95.1 
  62.8   65.1   65.7   81.0   95.1 
  62.8   65.1   65.7   81.4   94.6 
  62.8   65.1   65.5   81.0   95.1 
  62.6   65.1   65.5   81.0   95.1 
  62.8   64.9   65.5   81.4   94.6 
  63.0   65.1   65.7   81.0   95.1 
  63.0   65.1   65.7   81.4   95.1 
  63.2   65.1   65.7   81.4   95.1 
  63.2   65.1   65.5   81.0   94.6 
  63.0   65.1   65.5   81.0   95.1 
  63.0   65.1   65.1   81.4   95.6 
  63.6   65.3   65.5   81.0   95.6 
  63.4   64.9   65.3   81.4   95.1 
  63.2   64.5   65.7   81.4   95.1 
  63.4   64.9   65.7   81.7   95.1 
  63.0   64.9   65.7   82.0   95.1 
  63.2   64.7   65.7   81.7   95.1 
  63.2   64.9   65.7   81.7   95.1 
  63.0   64.7   65.5   81.7   95.6 
  63.0   64.5   65.5   81.4   95.6 
  62.8   64.7   65.5   81.7   95.6 
  62.8   64.5   65.9   81.4   95.6 
  63.0   64.7   65.7   81.7   95.6 
  63.4   64.9   66.1   81.4   95.6 
  63.0   64.5   66.1   81.4   95.6 
  63.0   64.9   66.1   81.7   94.6 
  62.6   64.7   66.1   81.7   95.6 
  62.6   64.9   65.9   81.7   94.6 
  62.6   64.7   66.1   81.4   95.6 
  62.8   64.9   66.3   82.0   95.6 
  62.8   64.7   66.3   81.7   95.6 
  62.4   64.5   66.1   81.7   95.6 
  62.6   64.7   65.7   81.4   95.6 
  62.8   64.9   65.7   81.7   95.6 
  62.8   64.7   65.9   81.7   95.6 
  62.6   64.9   66.1   81.7   95.1 
  63.0   64.5   65.7   81.7   95.6 
  62.6   64.9   65.9   81.7   95.6 
  63.2   64.7   65.9   81.7   95.6 
  62.8   65.1   66.1   82.0   95.6 
  63.0   65.7   66.1   82.3   96.1 
  63.2   64.9   66.5   82.3   96.1 
  63.2   65.3   66.5   82.3   95.6 
  62.8   65.3   66.7   82.3   95.6 
  63.4   65.5   66.5   82.3   96.1 
  63.4   65.5   67.6   82.3   95.6 
  63.6   65.5   67.0   82.7   96.1 
  63.8   65.9   67.2   82.7   96.1 
  64.1   66.1   67.4   83.0   96.1 
  64.1   66.3   67.6   83.0   96.1 
  64.5   66.7   67.8   83.3   96.1 
  64.7   66.5   68.0   83.0   96.1 
  64.5   66.5   68.2   83.0   95.6 
  64.5   66.7   68.0   82.7   95.6 
  64.5   66.5   67.8   82.7   96.1 
  64.3   66.3   67.8   82.3   95.6 
  64.1   66.3   67.8   82.7   96.1 
  64.3   65.9   67.8   82.7   96.6 
  63.9   65.9   67.6   82.7   95.6 
  63.9   65.7   67.6   82.7   96.1 
  63.6   65.7   67.6   82.3   96.1 
  63.6   65.5   67.4   82.3   96.1 
  63.8   65.7   67.2   82.3   96.1 
  64.1   65.7   67.2   82.7   96.1 
  64.1   65.9   67.4   82.7   96.1 
  64.1   66.1   67.6   83.0   96.1 
  64.5   66.3   67.8   83.3   96.1 
  64.7   66.7   68.0   83.7   96.1 
  64.5   66.7   68.0   83.3   96.6 
  64.7   66.7   68.0   83.3   96.6 
  64.5   66.1   67.8   83.0   96.6 
  64.5   66.5   67.8   83.3   96.1 
  64.7   66.5   67.8   83.0   96.6 
  64.5   66.5   67.6   82.7   96.1 
  64.7   66.3   67.6   82.7   96.1 
  64.5   66.5   67.6   83.3   96.6 
  64.3   66.5   67.8   83.0   96.6 
  64.3   66.3   67.6   83.0   96.6 
  64.1   66.1   67.4   82.7   96.1 
  63.9   65.9   67.4   82.3   96.6 
  63.8   65.5   67.4   82.7   96.6 
  63.8   65.7   67.4   82.7   96.6 
  63.6   65.7   67.4   82.7   96.1 
  63.8   65.5   67.2   82.7   96.6 
  63.8   65.7   67.4   82.7   96.6 
  63.8   65.9   67.2   82.7   96.1 
  63.6   65.7   67.4   82.7   96.1 
  63.8   65.9   67.4   82.7   96.6 
  64.1   66.3   67.4   82.7   96.1 
  63.9   66.3   67.6   83.0   96.1 
  64.3   66.3   67.8   83.3   96.6 
  64.3   66.5   67.6   83.3   96.6 
  64.3   66.3   67.8   83.0   96.6 
  64.3   66.5   68.2   83.0   96.6 
  64.3   66.3   68.0   83.3   96.6 
  64.1   66.3   67.8   83.0   96.6 
  64.1   66.3   67.8   83.0   96.6 
  64.3   66.3   68.0   83.0   97.1 
  64.3   66.3   67.8   83.0   96.6 
  64.3   66.3   68.0   82.3   96.6 
  63.6   66.1   67.6   82.7   97.1 
  64.1   66.1   67.8   83.0   96.1 
  64.3   66.3   67.6   83.0   96.6 
  64.1   66.3   67.8   82.7   96.1 
  64.1   66.3   67.6   83.0   96.6 
  64.1   66.3   67.8   83.0   96.6 
  64.3   66.5   67.8   83.0   96.6 
  64.5   66.5   68.0   83.7   96.6 
  64.3   66.5   67.8   83.0   96.6 
  64.3   66.3   68.0   82.7   96.6 
  64.3   66.1   67.8   82.7   96.6 
  64.1   66.1   67.8   82.7   96.6 
  64.1   66.3   67.6   82.7   96.6 
  64.1   66.3   67.6   82.7   96.6 
  64.3   66.5   67.6   82.7   96.6 
  64.3   66.5   67.8   83.3   96.6 
  64.5   66.7   68.0   83.0   96.6 
  64.7   66.7   68.0   83.7   97.1 
  64.7   66.7   68.5   83.3   97.7 
  64.5   66.7   68.5   83.0   96.1 
  64.5   66.7   68.2   83.0   96.6 
  64.7   66.7   68.0   82.7   96.6 
  64.5   66.7   68.0   83.3   96.6 
  64.7   66.7   68.2   83.3   96.6 
  64.7   66.7   68.0   83.3   97.1 
  64.5   66.7   67.8   83.3   97.1 
  64.3   66.7   67.8   83.0   96.6 
  64.5   66.3   67.8   83.0   96.6 
  64.5   65.9   67.8   82.7   96.6 
  64.5   66.1   67.8   83.0   97.1 
  64.3   66.1   67.6   82.7   97.1 
  64.3   65.9   67.6   83.0   96.6 
  64.3   65.9   67.6   83.0   96.6 
  63.8   65.5   67.4   83.0   97.1 
  63.9   65.7   67.6   82.7   96.6 
  63.9   65.9   67.4   82.7   96.6 
  63.9   65.7   67.2   82.7   97.1 
  63.8   65.9   67.2   82.0   96.6 
  63.8   65.5   67.0   82.0   97.1 
  63.8   65.7   67.4   82.0   97.1 
  63.6   65.3   67.0   82.0   97.1 
  63.6   65.3   66.7   82.3   96.6 
  63.6   65.5   67.0   82.3   97.1 
  63.8   65.5   67.0   82.3   97.1 
  63.6   65.7   67.2   82.3   97.1 
  63.6   65.5   67.0   82.0   96.6 
  63.8   65.5   66.7   82.0   96.6 
  63.4   65.3   66.7   82.0   96.6 
  63.6   65.3   66.5   82.0   97.1 
  63.4   65.1   66.5   82.0   96.6 
  63.6   65.5   66.7   82.7   96.6 
  63.6   65.9   67.0   82.7   96.6 
  63.6   65.7   67.0   82.3   97.1 
  63.8   65.7   67.0   82.3   97.1 
  63.8   65.7   67.0   82.7   96.6 
  63.9   66.1   67.0   83.0   97.1 
  64.1   66.1   67.6   83.0   97.1 
  64.1   66.3   67.2   82.3   96.6 
  64.1   66.1   67.2   82.7   97.1 
  64.1   65.9   67.2   82.3   97.1 
  64.1   65.9   67.2   82.3   97.1 
  64.1   66.1   67.2   82.3   97.1 
  63.9   65.9   67.2   82.3   96.6 
  63.9   65.9   67.2   84.0   97.1 
  63.9   65.9   67.0   82.3   96.6 
  64.1   65.9   67.2   82.7   96.6 
  64.3   65.9   67.2   82.7   97.1 
  64.1   65.9   67.2   82.3   96.6 
  64.1   66.1   67.6   81.7   96.6 
  64.3   66.3   67.0   82.3   96.6 
  64.3   66.1   67.0   82.3   96.6 
  64.3   66.3   67.0   82.7   96.6 
  64.5   66.1   67.4   82.0   96.6 
  64.3   66.3   66.7   83.0   96.6 
  64.1   66.3   66.7   82.7   96.1 
  64.5   66.5   67.2   83.0   96.6 
  64.5   66.7   67.4   83.3   96.6 
  64.7   67.0   67.6   83.3   97.1 
  64.9   67.0   67.8   83.7   96.6 
  64.9   67.0   68.2   83.7   97.1 
  64.7   67.2   68.0   83.7   97.1 
  64.3   66.7   68.0   83.3   97.1 
  64.5   66.5   68.0   83.3   96.6 
  64.3   66.3   68.0   83.0   97.1 
  64.5   66.5   68.0   83.7   97.1 
  64.5   66.5   67.8   83.0   97.1 
  64.7   66.5   67.8   83.3   97.1 
  64.9   67.0   68.2   83.3   97.1 
  65.1   67.0   68.5   83.7   97.1 
  65.1   67.2   68.5   83.7   97.1 
  65.1   67.4   68.5   84.0   97.1 
  64.9   67.4   68.5   83.7   97.1 
  64.9   67.0   68.0   83.7   97.1 
  64.9   67.2   68.7   84.0   97.1 
  65.3   67.4   68.2   84.0   97.1 
  65.3   67.2   68.5   84.0   97.1 
  65.3   67.4   68.5   84.4   97.7 
  65.5   67.4   68.7   84.4   97.1 
  65.5   67.6   68.7   84.4   97.7 
  65.7   67.6   68.9   84.4   97.1 
  65.9   67.8   68.7   84.4   97.7 
  65.5   67.8   68.9   84.4   97.7 
  65.7   67.6   68.9   84.0   97.7 
  65.5   67.4   68.7   84.4   97.7 
  65.5   67.4   68.9   84.4   97.7 
  65.5   67.4   68.9   84.0   97.7 
  65.3   67.2   69.1   83.0   97.7 
  65.3   67.0   68.7   84.0   97.7 
  65.3   67.4   68.5   84.0   97.7 
  65.5   67.4   68.9   84.0   97.7 
  65.5   67.6   68.7   84.0   97.7 
  65.5   67.4   68.9   84.0   97.7 
  65.5   67.6   68.9   84.0   97.7 
  65.5   67.6   68.9   84.4   97.7 
  65.7   67.8   69.1   84.4   97.7 
  65.5   67.8   69.3   84.4   97.7 
  65.9   68.0   69.3   84.4   97.7 
  66.1   68.2   69.6   84.4   97.7 
  65.9   68.2   69.6   84.7   97.7 
  65.9   68.0   69.8   84.7   98.2 
  65.9   68.0   69.6   84.4   97.7 
  65.5   67.8   69.6   84.0   97.7 
  65.5   67.4   69.6   84.0   97.7 
  65.5   67.4   69.3   84.0   97.7 
  65.5   67.4   69.3   84.0   97.7 
  65.5   67.4   69.3   84.0   97.7 
  65.5   67.6   69.3   84.4   98.2 
  65.5   67.6   69.3   84.4   97.7 
  65.7   67.6   69.3   84.7   97.1 
  65.7   67.8   69.6   84.7   98.2 
  65.7   67.6   69.3   84.7   98.2 
  65.7   67.8   69.6   84.4   97.7 
  65.7   67.8   69.3   84.0   97.7 
  65.7   67.6   69.1   84.0   97.7 
  65.7   67.8   69.1   84.0   97.7 
  65.9   68.0   69.1   84.0   97.7 
  66.1   68.2   69.6   84.4   97.7 
  66.3   68.5   69.6   84.7   98.2 
  66.3   68.5   69.8   84.7   97.7 
  65.9   68.5   69.6   84.0   97.7 
  65.9   68.0   69.1   84.0   97.7 
  65.7   67.6   69.3   84.4   97.7 
  65.5   67.6   69.1   84.4   97.7 
  65.5   67.4   69.1   84.4   97.7 
  65.5   67.0   68.9   84.0   97.7 
  65.5   67.4   68.9   84.0   97.7 
  65.3   67.4   68.9   84.0   97.1 
  65.1   67.4   68.7   84.0   97.7 
  64.9   67.6   68.7   84.0   97.7 
  65.3   67.4   68.7   84.4   98.2 
  65.1   67.0   68.9   84.4   97.7 
  65.1   67.0   68.9   84.4   97.7 
  65.1   67.2   68.9   84.4   98.2 
  65.3   67.4   68.9   84.4   97.7 
  65.5   67.6   68.9   84.7   97.7 
  65.5   67.6   69.1   84.4   97.7 
  65.3   67.6   68.9   84.4   97.7 
  65.3   67.6   68.9   84.4   97.7 
  65.5   67.6   68.7   84.4   97.7 
  65.3   67.4   68.5   84.0   97.7 
  65.5   67.4   68.2   84.0   98.2 
  65.3   67.4   67.8   83.7   97.7 
  65.1   66.7   67.6   83.7   97.7 
  65.5   67.0   67.2   84.0   97.7 
  65.3   67.0   67.4   84.0   97.7 
  65.3   67.0   67.8   84.0   97.7 
  65.3   67.2   67.8   84.0   97.7 
  65.1   67.0   67.8   84.4   97.7 
  65.5   67.4   68.2   84.7   97.7 
  65.9   67.6   68.5   84.7   98.2 
  65.9   67.8   68.7   84.4   97.7 
  65.9   67.8   68.7   84.4   97.7 
  65.7   67.6   68.9   84.7   98.2 
  66.3   68.0   69.1   84.7   98.2 
  66.3   68.0   69.3   85.1   97.1 
  66.1   68.0   69.1   84.7   97.7 
  65.9   67.8   69.6   85.1   98.2 
  65.7   67.6   68.9   85.1   98.2 
  65.9   67.8   69.3   84.7   98.2 
  65.9   67.8   69.1   85.1   98.2 
  65.5   67.8   69.3   85.1   98.7 
  65.5   67.6   69.3   85.5   98.2 
  65.5   67.6   69.6   85.5   98.2 
  65.5   68.0   70.0   85.5   98.7 
  65.7   68.5   70.0   85.5   98.2 
  65.7   68.2   70.0   85.5   98.7 
  65.7   68.2   70.0   85.1   98.7 
  65.9   68.5   69.8   85.1   98.2 
  65.7   68.7   69.8   84.7   98.2 
  65.5   68.2   69.8   85.5   98.2 
  65.9   68.0   69.8   85.5   98.2 
  65.7   68.0   69.8   85.5   98.2 
  65.7   67.8   69.3   85.1   98.7 
  65.5   67.6   69.3   84.4   98.2 
  65.5   67.4   69.1   84.4   98.2 
  65.3   67.2   68.9   84.4   98.2 
  65.3   67.4   68.9   84.4   98.2 
  65.3   67.4   68.9   84.4   98.2 
  65.3   67.2   68.7   84.4   98.2 
  65.3   67.4   68.5   84.0   98.2 
  65.5   67.6   68.5   84.0   98.2 
  65.7   67.6   68.5   84.0   97.7 
  65.7   67.6   68.2   84.7   98.2 
  65.7   67.6   68.0   84.0   98.2 
  65.9   67.6   68.2   84.4   98.2 
  65.7   67.8   68.0   84.4   98.2 
  65.7   68.2   68.2   84.4   97.7 
  65.7   68.2   68.5   84.4   98.2 
  65.7   68.0   68.5   84.4   98.2 
  65.5   68.0   68.2   84.7   98.2 
  65.5   68.2   68.5   84.4   98.2 
  65.7   67.8   68.5   84.7   98.2 
  65.9   68.0   68.5   85.1   98.2 
  65.7   67.8   68.5   85.5   98.2 
  65.7   67.8   68.7   85.1   98.7 
  65.9   68.2   68.9   85.1   98.2 
  66.3   68.2   69.1   85.5   98.7 
  65.9   68.2   69.3   85.5   98.7 
  65.9   68.2   69.3   85.8   98.7 
  65.9   68.0   69.6   85.5   98.7 
  65.9   68.5   69.3   85.1   98.7 
  65.7   68.2   69.3   85.1   98.2 
  64.9   67.8   69.3   84.7   98.7 
  65.5   67.8   69.8   84.7   98.7 
  65.7   67.8   69.3   85.1   98.7 
  65.9   68.0   69.1   84.7   98.7 
  65.5   67.8   68.9   85.1   98.7 
  65.7   67.8   69.1   85.1   98.7 
  65.7   68.0   69.1   85.5   98.7 
  65.7   68.2   69.6   85.8   98.7 
  66.1   68.5   69.8   85.8   98.7 
  66.5   68.7   69.8   85.8   98.7 
  66.1   68.7   70.0   85.5   98.7 
  66.3   68.7   70.0   85.8   98.7 
  66.1   68.7   70.0   86.2   98.7 
  66.1   68.9   70.3   85.5   99.3 
  66.3   68.9   70.3   85.1   99.3 
  66.3   68.9   70.0   85.1   98.7 
  66.1   68.9   70.3   85.1   98.7 
  66.1   68.7   69.6   84.7   98.7 
  65.9   68.7   69.3   84.4   98.7 
  65.7   68.0   69.3   84.7   98.7 
  65.9   68.0   69.1   84.7   98.2 
  65.7   68.0   68.9   84.7   98.7 
  65.9   67.8   69.1   84.7   98.7 
  65.5   68.0   69.1   84.7   98.7 
  66.1   68.2   69.1   84.7   98.7 
  66.1   68.2   69.3   85.1   98.7 
  66.1   68.2   69.3   85.1   98.7 
  66.1   68.2   69.3   85.1   98.7 
  65.9   68.2   69.3   85.1   98.7 
  66.1   68.2   69.3   84.7   98.7 
  66.1   68.0   69.3   84.7   98.7 
  65.9   68.0   69.1   84.7   99.3 
  65.9   68.0   68.9   84.7   98.7 
  66.1   67.8   69.1   84.7   98.7 
  65.9   67.8   68.7   85.1   98.2 
  67.0   68.0   68.9   85.1   98.7 
  65.7   67.8   68.7   85.5   98.7 
  65.9   67.8   68.9   85.1   98.7 
  66.1   68.2   68.9   84.7   99.8 
  66.1   68.7   68.9   85.1   98.7 
  66.3   68.7   69.1   85.1   98.7 
  66.5   68.9   69.1   85.5   98.2 
  66.5   68.9   69.3   85.5   98.7 
  66.7   68.9   69.3   85.1   98.7 
  66.5   68.9   69.6   85.5   98.7 
  66.5   68.7   69.8   85.5   98.7 
  66.5   68.7   69.6   85.5   98.2 
  66.3   68.2   69.1   85.1   98.7 
  66.3   68.2   69.1   84.7   98.7 
  66.3   68.2   69.3   85.1   98.7 
  66.3   68.5   69.1   85.1   98.7 
  66.3   68.5   69.1   85.5   98.7 
  66.5   68.5   69.3   85.5   98.7 
  66.5   68.7   69.6   85.8   99.3 
  66.5   68.0   69.6   85.8   99.3 
  66.3   68.7   70.0   85.8   99.3 
  66.3   68.7   70.0   86.6   99.3 
  66.3   68.7   70.0   85.8   99.3 
  66.1   68.7   70.0   85.8   99.3 
  66.3   68.7   70.3   85.5   99.3 
  65.9   68.7   70.0   85.5   98.7 
  66.1   68.5   70.0   85.5   98.7 
  66.1   68.5   70.0   85.5   99.3 
  65.9   68.0   69.8   85.1   99.3 
  65.7   68.0   69.3   84.7   98.7 
  65.7   68.0   69.6   84.7   99.3 
  65.9   68.2   69.3   84.7   98.7 
  65.9   68.0   69.6   84.7   98.7 
  65.9   68.2   69.3   85.1   98.2 
  66.1   68.2   69.6   85.5   98.7 
  66.3   68.5   69.8   86.2   99.3 
  66.1   68.2   69.8   86.2   99.3 
  66.1   68.2   69.6   86.2   99.3 
  65.9   68.2   69.8   85.8   99.3 
  65.9   68.2   69.6   85.5   99.3 
  65.9   68.0   69.6   85.1   99.3 
  65.7   68.0   69.6   85.5   99.3 
  66.1   68.2   69.6   85.5   99.3 
  66.3   68.2   69.8   85.8   99.3 
  66.3   68.5   69.8   85.8   99.3 
  66.1   68.5   69.8   86.2   99.3 
  66.1   68.5   70.0   85.5   99.3 
  65.9   68.7   69.8   85.1   99.3 
  65.9   68.2   69.8   84.7   99.3 
  66.1   68.0   69.8   85.5   99.3 
  66.3   68.7   69.8   85.5   99.3 
  66.5   68.7   70.3   85.8   99.3 
  66.7   68.9   70.3   86.2   99.3 
  66.7   68.9   70.5   86.2   99.3 
  66.7   68.9   70.3   86.2   99.8 
  66.7   68.9   70.5   86.2   98.7 
  66.5   68.7   70.0   85.8   99.3 
  66.3   68.7   70.3   85.8   99.3 
  66.3   68.7   70.0   85.5   98.7 
  66.1   68.5   69.6   85.5   99.3 
  65.9   68.2   70.0   85.5   99.3 
  65.9   68.2   70.0   85.8   99.3 
  65.9   68.2   70.0   84.4   98.7 
  65.9   68.2   69.8   85.1   99.3 
  65.9   68.2   69.3   85.1   98.7 
  65.9   68.0   69.6   85.5   99.3 
  65.9   67.6   69.3   85.5   99.3 
  65.7   68.0   69.3   85.5   99.3 
  65.7   67.8   69.6   85.5   99.3 
  65.9   67.8   69.6   85.5   99.8 
  65.7   67.8   70.0   85.5   99.3 
  65.7   67.6   69.3   85.5   99.3 
  65.3   67.6   69.6   85.5   99.3 
  65.5   67.8   69.8   85.5   99.3 
  65.5   67.6   69.8   85.1   99.3 
  65.7   68.0   69.3   85.1   99.3 
  65.7   67.4   69.3   84.7   99.3 
  65.5   67.6   69.3   84.7   99.3 
  65.7   67.6   69.3   84.7   98.7 
  65.7   68.0   69.3   84.7   98.7 
  65.7   67.8   69.1   85.1   98.7 
  65.5   68.0   69.6   85.1   99.3 
  65.5   67.8   69.6   85.1   98.7 
  65.5   67.8   69.1   85.1   99.3 
  65.3   67.8   69.6   84.7   98.7 
  65.5   67.8   70.0   84.7   99.3 
  65.5   68.0   69.8   85.5   99.3 
  65.9   68.0   69.8   85.8   99.3 
  65.5   68.2   70.0   85.5   99.3 
  65.5   68.0   70.0   85.8   99.3 
  65.5   68.2   70.3   85.5   99.3 
  65.3   68.0   69.8   85.5   98.7 
  65.3   67.8   69.8   84.7   99.3 
  65.5   68.0   69.8   85.1   99.3 
  65.5   68.0   69.8   85.5   99.3 
  65.7   68.2   69.8   85.5   99.3 
  65.9   68.5   70.0   85.5   99.3 
  66.1   68.7   70.3   85.8   99.8 
  66.3   68.7   70.3   85.5   99.3 
  66.5   68.9   70.3   85.5   99.3 
  66.3   68.7   70.5   85.5   99.3 
  66.3   68.7   70.5   85.8   99.3 
  66.3   68.7   70.7   86.2   99.3 
  65.9   68.2   70.5   86.2   99.3 
  66.3   68.7   70.5   85.8   99.3 
  66.5   68.7   70.3   85.5   99.3 
  66.1   68.5   70.3   85.5   99.3 
  66.1   68.2   70.0   85.1   99.3 
  65.7   68.2   69.3   85.1   99.3 
  65.7   68.0   70.0   84.7   98.7 
  65.9   68.0   69.8   84.7   98.7 
  65.9   68.0   69.6   84.4   98.7 
  65.7   68.0   69.6   84.4   98.7 
  65.9   68.0   69.6   84.0   98.7 
  65.7   67.8   69.3   84.4   98.7 
  65.9   68.0   69.6   84.7   99.3 
  65.9   68.2   69.3   85.1   98.2 
  66.3   68.2   69.8   85.5   99.3 
  66.3   68.5   69.8   85.1   98.7 
  65.9   68.7   69.6   85.1   98.7 
  67.0   68.9   69.8   85.1   99.3 
  66.5   68.7   70.0   85.1   99.3 
  67.0   68.9   70.0   85.5   99.3 
  66.5   68.9   70.0   85.8   99.3 
  66.7   68.9   70.3   85.8   99.3 
  66.3   69.6   70.3   85.8   99.3 
  66.1   68.5   70.3   85.5   99.3 
  66.3   68.5   70.0   85.1   98.7 
  66.3   68.2   69.6   84.7   98.7 
  66.1   68.2   69.8   86.2   98.7 
  66.3   68.2   69.8   85.1   98.7 
  66.3   68.2   69.6   84.4   98.7 
  65.9   68.2   69.3   84.7   98.7 
  65.9   68.0   69.3   84.7   98.7 
  65.9   68.0   69.1   84.4   98.7 
  65.9   67.8   68.7   84.7   98.7 
  65.9   67.8   68.9   84.7   98.7 
  65.9   67.8   68.9   84.7   98.7 
  66.1   68.2   68.9   84.4   98.7 
  65.9   67.8   68.9   84.0   98.7 
  66.3   68.0   68.5   84.7   98.7 
  66.1   68.0   68.7   84.7   98.7 
  66.1   67.8   68.9   85.1   98.7 
  66.3   68.0   68.7   85.1   99.3 
  66.3   68.2   68.9   85.5   99.3 
  66.3   68.2   69.1   85.5   99.3 
  66.5   68.5   69.1   85.8   98.7 
  66.5   68.5   69.6   85.8   98.7 
  66.3   68.7   68.9   85.8   98.7 
  66.1   68.0   69.3   85.8   99.3 
  65.9   68.2   69.3   85.5   99.3 
  65.7   68.7   69.3   85.5   99.3 
  66.1   68.0   69.6   85.5   99.3 
  66.3   68.5   69.6   85.8   99.3 
  66.3   68.9   70.0   86.2   99.3 
  66.5   68.9   69.8   85.8   98.7 
  66.3   69.3   70.0   85.8   99.3 
  66.5   68.9   70.0   85.8   99.3 
  66.7   68.9   69.8   86.2   98.7 
  67.0   68.9   70.3   86.2   99.3 
  67.0   69.6   70.5   86.2   98.7 
  67.0   69.3   70.3   85.8   99.3 
  67.0   69.3   70.3   85.1   99.3 
  67.0   69.3   70.0   85.5   99.3 
  67.0   69.1   69.8   85.5   98.2 
  67.2   69.3   69.6   85.1   98.7 
  67.0   69.1   69.8   85.5   99.3 
  67.0   69.3   69.8   85.5   99.3 
  67.0   69.6   69.8   85.8   98.2 
  67.0   69.6   69.8   85.5   98.7 
  67.0   69.1   69.3   87.7   98.7 
  66.7   69.1   69.8   85.5   98.7 
  67.0   69.1   70.0   86.2   98.7 
  67.0   69.1   69.8   85.8   99.3 
  66.7   69.1   70.0   85.5   99.3 
  66.5   68.9   69.8   85.5   99.3 
  66.7   68.9   69.6   85.8   99.3 
  66.5   68.9   69.8   85.5   99.3 
  66.5   68.9   69.6   85.8   98.7 
  66.5   68.7   69.8   85.5   99.3 
  66.5   68.7   69.6   85.8   99.3 
  66.7   69.1   70.0   85.8   99.3 
  66.7   68.9   70.0   85.5   98.7 
  66.7   69.1   70.3   85.8   99.3 
  66.7   68.9   70.3   85.8   99.3 
  66.7   68.9   70.0   85.8   98.7 
  66.7   68.7   69.8   85.8   99.3 
  66.7   68.9   69.8   85.5   99.3 
  66.7   68.7   69.8   85.5   98.7 
  66.5   68.7   69.8   85.5   98.7 
  66.5   68.9   69.6   85.5   98.7 
  66.5   68.7   69.6   85.5   98.7 
  66.5   68.5   69.6   85.1   99.3 
  66.3   68.5   69.1   85.1   98.7 
  66.5   68.2   68.9   85.1   99.3 
  66.5   68.2   68.7   84.7   99.3 
  66.5   68.5   68.9   85.5   99.3 
  66.1   68.0   68.5   85.5   99.3 
  66.7   68.7   68.9   85.8   98.7 
  66.5   68.7   68.9   85.5   99.3 
  66.7   68.9   69.1   85.8   99.3 
  66.7   68.9   69.1   85.5   99.8 
  67.0   69.1   69.1   85.5   99.3 
  66.7   69.3   69.3   85.8   99.3 
  67.0   68.9   69.1   85.5   99.3 
  67.2   68.9   69.3   85.1   99.3 
  67.2   68.7   69.1   85.5   99.3 
  67.4   68.9   69.3   85.5   99.3 
  67.0   68.7   68.9   85.1   99.3 
  67.0   68.9   68.7   85.5   99.3 
  67.2   68.5   69.1   85.8   99.3 
  67.0   67.8   69.1   85.8   99.3 
  67.0   68.7   69.1   85.5   99.3 
  67.0   68.7   69.1   86.2   99.8 
  67.2   68.9   69.6   86.6   99.8 
  67.2   69.1   69.8   86.6   99.3 
  67.2   68.9   69.8   86.2   99.8 
  67.0   68.9   69.8   86.9   98.7 
  66.7   68.7   69.6   85.8   99.3 
  66.7   68.5   69.3   85.5   99.8 
  66.3   68.2   69.3   85.8   99.8 
  66.3   68.5   69.3   85.8   99.8 
  66.3   68.5   69.6   85.8   99.3 
  66.1   68.5   69.3   85.8   99.3 
  66.3   68.5   69.6   86.2   99.8 
  66.3   68.5   69.6   86.2   99.8 
  66.3   68.2   69.8   86.2   99.3 
  66.7   68.7   70.0   85.8   99.8 
  66.5   68.9   69.8   86.2   99.8 
  66.7   68.9   69.8   85.8   99.3 
  67.0   68.9   69.3   85.8   99.3 
  67.0   68.9   69.6   85.8   99.8 
  66.7   68.7   69.6   86.2   99.8 
  66.7   69.1   69.6   85.8   99.8 
  66.7   68.9   69.6   85.8   99.3 
  66.5   68.9   70.0   86.2   99.8 
  66.5   68.7   69.6   85.8   99.8 
  66.7   68.7   69.6   85.8   99.8 
  66.3   68.5   69.3   85.5   99.3 
  66.3   68.7   69.3   85.5   99.3 
  66.1   68.7   69.6   85.5   99.8 
  66.3   68.5   69.3   85.5   99.3 
  66.3   68.2   69.1   85.1   99.8 
  66.7   68.2   69.1   85.1   99.3 
  66.5   68.7   68.7   85.1   99.3 
  67.0   68.5   68.9   85.5   99.3 
  67.0   68.7   69.1   85.8   99.3 
  67.0   68.5   68.9   85.5   99.3 
  67.0   68.2   69.1   85.5   99.3 
  66.7   68.5   69.1   85.5   99.3 
  66.7   68.5   69.1   85.5   99.8 
  66.7   68.5   69.1   85.8   99.3 
  66.7   68.5   69.3   85.8   99.3 
  67.0   69.1   69.3   85.8   99.8 
  67.0   69.1   69.6   85.8   99.8 
  67.0   69.3   69.6   86.2   99.8 
  66.7   68.9   69.8   85.8   99.8 
  66.3   68.7   69.8   85.8   99.3 
  67.0   68.9   70.0   85.8   99.3 
  67.0   69.1   70.3   86.2  100.4 
  67.2   69.1   70.0   86.2   99.8 
  67.4   69.1   70.0   85.8   99.8 
  67.2   69.1   70.0   85.8   99.8 
  67.6   69.1   69.8   85.8   99.3 
  67.0   68.7   69.6   85.5   99.8 
  66.5   68.7   69.6   85.5   99.3 
  66.7   68.7   69.3   86.2   99.3 
  66.5   68.5   69.3   85.5   99.3 
  66.7   68.5   69.1   85.5   99.8 
  66.5   68.2   69.3   85.5   99.3 
  66.3   68.2   69.1   85.5   99.3 
  66.3   68.5   69.1   85.5   99.3 
  66.5   68.5   69.1   85.1   99.8 
  66.3   68.2   69.1   85.5   99.8 
  66.3   68.2   69.1   85.8   99.8 
  66.1   67.6   68.9   85.1   99.8 
  66.1   67.8   68.9   85.1   99.3 
  65.9   67.6   68.9   85.1   99.8 
  66.1   67.8   68.9   85.1   99.3 
  65.9   67.6   68.7   85.1   99.8 
  65.9   67.8   69.1   84.7   99.8 
  65.9   67.8   68.7   85.1   99.8 
  65.9   67.6   68.7   85.5   99.8 
  65.9   67.8   68.9   85.1   99.8 
  65.7   67.6   68.7   85.1   99.3 
  65.7   67.6   68.7   85.1   99.3 
  65.7   67.8   68.7   85.1   99.3 
  65.5   67.6   68.9   85.1   99.8 
  65.5   67.6   68.9   84.7   99.3 
  65.3   67.8   68.9   84.7   99.3 
  65.5   67.8   68.9   85.1   99.3 
  65.7   68.0   69.3   84.7   99.3 
  65.9   68.2   69.1   85.5   99.3 
  66.1   68.5   69.3   86.2   99.8 
  66.3   68.7   69.8   85.8   99.3 
  66.3   68.5   69.6   85.5   99.3 
  66.3   68.7   69.6   85.5   99.3 
  66.1   68.5   69.3   85.5   99.3 
  66.3   68.7   69.6   85.5   99.8 
  66.3   68.7   69.6   85.8   99.3 
  66.5   68.7   69.3   85.8   99.8 
  66.5   68.7   69.6   85.5   99.3 
  66.5   68.5   69.3   85.5   99.8 
  66.3   68.2   69.1   85.1   99.8 
  66.1   68.0   69.1   85.5   99.8 
  66.1   68.0   69.1   85.5   99.3 
  66.1   68.2   69.1   85.8   99.3 
  66.1   68.5   69.3   85.5   99.3 
  66.3   68.5   69.3   85.1   99.3 
  66.3   68.5   69.3   85.5   99.3 
  66.3   68.5   69.3   84.7   99.8 
  66.3   68.5   69.3   85.5   99.8 
  66.5   68.5   69.3   85.5   99.8 
  66.5   68.2   69.1   85.5   99.3 
  66.3   68.2   69.3   85.5   99.3 
  66.3   68.2   69.1   85.5   99.3 
  66.3   68.2   69.3   85.5   99.8 
  66.5   68.2   69.3   85.8   99.8 
  66.5   68.0   69.1   84.7   99.8 
  66.3   68.0   69.3   85.5   99.3 
  66.3   68.0   68.9   85.8   99.8 
  66.3   68.0   69.1   85.8   99.3 
  66.3   68.2   69.3   86.2   99.3 
  66.7   68.7   69.6   86.2   99.3 
  67.0   68.9   69.1   86.2   99.3 
  67.2   69.3   69.8   86.2   99.3 
  67.2   69.1   70.0   86.2   99.8 
  67.0   69.6   70.3   86.2   99.8 
  67.2   69.3   70.0   86.2   99.8 
  67.2   69.3   70.5   86.6   99.3 
  67.0   69.3   70.3   86.2   99.8 
  67.0   69.6   70.3   86.6   99.8 
  67.0   69.1   70.5   86.6   99.8 
  66.7   68.9   70.3   86.2   99.8 
  67.0   68.9   70.0   86.2  100.4 
  67.2   69.1   70.0   85.8   99.8 
  67.2   69.1   69.8   85.8   99.3 
  67.2   69.1   70.0   86.2   99.8 
  67.0   68.9   69.6   85.8   99.8 
  67.2   68.9   69.6   86.2   99.3 
  67.2   69.1   69.6   85.8   99.8 
  67.2   69.1   69.6   85.8   99.8 
  67.2   68.9   69.3   85.8   99.3 
  67.0   69.1   69.1   85.5   99.8 
  67.0   68.9   69.3   85.5   99.8 
  67.0   68.5   69.1   85.5   99.3 
  66.5   68.7   68.9   85.5   99.3 
  66.7   68.5   68.9   85.1   99.8 
  66.5   68.7   68.9   85.5   99.8 
  66.7   68.0   69.1   85.5   99.3 
  66.7   69.1   69.3   86.2   99.8 
  66.7   68.9   69.6   86.6   99.8 
  66.7   68.9   69.3   86.6   99.8 
  66.7   68.9   69.6   86.2   99.8 
  66.5   68.9   69.3   85.8   99.8 
  66.7   69.1   69.8   86.2   99.8 
  67.0   69.1   69.6   85.8   99.8 
  67.0   69.1   69.8   86.2   99.8 
  67.2   69.1   69.8   86.2   99.8 
  67.0   69.1   69.8   86.2   99.8 
  67.2   69.3   70.0   85.8   99.8 
  67.2   69.1   70.0   85.8   99.8 
  67.0   69.1   70.0   85.8   99.8 
  67.0   69.1   70.0   85.5   99.3 
  67.0   69.1   69.8   85.5   99.8 
  67.2   69.1   69.8   85.5   99.8 
  67.2   69.1   69.8   85.5   99.8 
  67.0   68.7   69.8   85.5   99.8 
  66.7   68.9   69.8   85.8   99.8 
  67.0   69.1   70.0   85.8   99.3 
  66.7   68.9   70.0   86.2   99.8 
  66.5   68.9   69.8   85.8   99.8 
  66.5   68.5   69.6   85.8   99.8 
  66.5   68.7   69.8   85.5   99.8 
  66.3   68.7   69.8   86.2   99.3 
  66.5   68.9   70.0   86.6   99.8 
  66.7   69.1   70.0   86.6   99.8 
  67.0   69.6   70.5   86.6   99.8 
  66.5   69.1   70.5   86.2   99.8 
  67.4   69.6   70.5   86.2   99.8 
  67.2   69.6   70.3   86.2   99.3 
  67.2   69.3   70.3   86.2   99.8 
  67.0   69.3   70.0   85.8   99.8 
  67.0   69.1   70.0   85.8   99.3 
  67.0   69.1   70.0   85.8   99.8 
  67.0   69.1   69.6   86.6   99.8 
  67.2   68.9   69.8   85.8   98.7 
  67.0   68.7   69.6   85.8   99.8 
  67.0   68.9   69.8   85.5   99.8 
  66.7   68.7   69.8   85.8   99.8 
  67.0   68.5   70.0   85.8   99.8 
  67.0   69.1   70.0   85.8   99.8 
  67.0   69.1   70.3   85.8  100.4 
  67.0   69.1   70.0   86.2   99.8 
  66.7   68.9   69.8   85.8   99.8 
  66.3   68.7   70.0   85.8   99.8 
  66.5   68.7   69.6   85.5   99.3 
  66.3   68.7   69.6   85.5   99.8 
