  62.8   64.9   66.1   82.3   95.1 
  62.6   64.9   65.9   82.3   95.1 
  62.6   64.9   65.9   82.3   94.6 
  62.8   64.9   65.9   82.3   94.2 
  63.0   65.1   66.1   82.3   94.2 
  63.2   65.5   66.3   82.3   94.2 
  63.4   65.5   66.5   82.7   94.2 
  63.6   65.9   67.0   82.7   93.7 
  63.6   65.7   66.7   82.7   93.2 
  63.4   65.5   66.7   82.3   93.7 
  63.2   65.5   66.7   82.3   93.2 
  63.2   65.5   66.7   82.3   93.2 
  63.2   65.5   67.0   82.3   93.2 
  63.2   65.5   67.0   82.3   92.8 
  63.2   65.5   67.2   82.3   92.3 
  63.0   65.5   67.4   82.0   92.8 
  63.0   65.5   67.6   82.0   92.3 
  63.0   65.3   67.4   82.0   91.9 
  62.8   65.1   67.2   81.4   91.9 
  62.6   65.1   66.7   80.7   91.4 
  62.6   64.7   66.3   80.4   91.0 
  62.4   64.5   65.9   80.1   90.6 
  62.4   64.3   65.5   79.8   90.6 
  62.3   64.3   65.3   79.5   90.1 
  62.4   64.3   65.1   79.2   89.7 
  62.3   64.1   64.9   79.2   89.7 
  62.1   64.1   64.5   78.9   89.3 
  62.1   64.1   64.3   78.3   89.3 
  62.1   63.9   64.1   78.3   88.9 
  61.9   63.8   63.9   78.0   88.5 
  61.9   63.6   63.8   77.7   88.5 
  61.9   63.8   63.6   77.7   88.1 
  61.9   63.6   63.4   77.7   88.1 
  61.9   63.6   63.4   77.7   87.7 
  61.9   63.8   63.4   77.4   87.3 
  61.9   63.6   63.2   77.1   87.3 
  61.9   63.6   63.0   76.9   86.9 
  61.9   63.4   62.8   76.6   86.6 
  61.5   63.4   62.6   76.6   86.2 
  61.5   63.4   62.4   76.3   86.2 
  61.5   63.2   62.3   76.0   86.2 
  61.5   63.2   62.1   76.0   85.5 
  61.3   63.0   61.9   76.0   85.5 
  61.3   62.8   61.7   75.7   85.1 
  61.2   62.6   61.7   75.7   85.1 
  61.2   62.6   61.7   75.7   85.1 
  61.2   62.6   61.7   75.7   84.7 
  61.2   62.6   61.5   75.5   84.4 
  61.0   62.6   61.5   75.5   84.4 
  61.0   62.6   61.5   75.2   84.0 
  61.0   62.6   61.5   75.2   84.0 
  61.0   62.4   61.5   74.7   83.7 
  61.0   62.4   61.5   74.7   83.7 
  61.0   62.4   61.5   74.7   83.3 
  61.0   62.4   61.5   74.7   83.3 
  60.8   62.3   61.5   74.4   83.0 
  60.6   62.1   61.2   73.9   82.7 
  60.6   61.9   61.0   73.6   82.3 
  60.3   61.7   60.8   73.6   82.3 
  60.1   61.5   60.5   73.1   82.0 
  59.8   61.2   59.9   72.9   81.7 
  59.8   61.0   59.8   72.4   81.0 
  59.6   60.8   59.6   72.4   81.0 
  59.6   61.0   59.4   72.4   80.7 
  59.8   61.0   59.3   72.1   80.4 
  59.6   61.0   59.3   72.1   80.4 
  59.4   60.6   58.9   71.9   80.1 
  59.3   60.6   58.9   71.7   79.8 
  59.3   60.5   58.8   71.4   79.8 
  59.3   60.3   58.6   71.4   79.8 
  59.1   60.3   58.6   71.2   79.5 
  59.3   60.3   58.4   71.2   79.2 
  59.3   60.3   58.4   71.2   79.2 
  59.3   60.5   58.4   71.2   79.2 
  59.4   60.5   58.4   71.2   79.2 
  59.6   60.5   58.4   71.2   78.9 
  59.6   60.6   58.8   71.4   78.9 
  59.8   61.0   58.8   71.4   78.9 
  59.9   61.2   59.1   71.7   78.9 
  60.1   61.5   59.4   71.7   78.9 
  60.3   61.5   59.8   71.7   78.6 
  60.1   61.5   59.8   71.4   78.3 
  60.1   61.3   59.6   71.2   78.3 
  60.1   61.3   59.6   70.9   78.3 
  59.9   61.2   59.4   70.7   78.0 
  59.8   61.2   59.3   70.5   77.7 
  59.8   61.0   59.3   70.5   77.7 
  59.6   60.8   59.1   70.3   77.4 
  59.3   60.6   58.9   69.8   77.1 
  59.1   60.3   58.8   69.6   76.9 
  58.9   60.1   58.4   69.3   76.6 
  58.8   59.9   58.3   69.1   76.3 
  58.8   59.8   58.3   69.1   76.0 
  58.6   59.8   58.3   68.9   76.0 
  58.6   59.6   58.1   68.7   75.7 
  58.4   59.6   57.9   68.5   75.5 
  58.1   59.3   57.8   68.2   75.2 
  57.9   59.3   57.6   68.0   75.2 
  57.9   59.1   57.6   68.0   74.9 
  57.8   58.9   57.5   67.8   74.7 
  57.6   58.8   57.1   67.6   74.4 
  57.6   58.6   57.0   67.4   74.2 
  57.3   58.4   57.0   67.2   74.2 
  57.3   58.3   56.7   67.2   73.9 
  57.1   58.1   56.7   67.2   73.9 
  57.0   58.1   56.5   66.7   73.4 
  56.8   57.9   56.3   66.7   73.4 
  57.0   57.9   56.2   66.5   73.1 
  57.0   57.9   56.2   66.5   73.1 
  57.0   57.8   56.0   66.5   72.9 
  56.8   57.8   55.9   66.3   72.9 
  56.7   57.6   55.7   66.1   72.6 
  56.5   57.5   55.4   65.9   72.6 
  56.5   57.3   55.6   65.7   72.4 
  56.5   57.5   55.4   65.5   72.1 
  56.3   57.3   55.4   65.5   71.9 
  56.5   57.1   55.3   65.5   71.9 
  56.5   57.3   55.3   65.5   71.7 
  56.5   57.3   55.1   65.5   71.7 
  56.5   57.3   55.3   65.5   71.7 
  56.5   57.3   55.1   65.5   71.7 
  56.5   57.3   55.3   65.5   71.4 
  56.7   57.3   55.1   65.3   71.4 
  56.5   57.1   55.1   65.3   71.4 
  56.5   57.1   55.1   65.3   71.4 
  56.3   57.0   55.1   65.3   71.2 
  56.3   57.0   55.1   65.3   71.2 
  56.3   57.0   55.3   65.1   71.2 
  56.3   57.0   55.1   65.1   70.9 
  56.2   56.8   55.1   64.9   70.7 
  56.2   56.8   55.1   64.9   70.7 
  56.2   56.7   55.1   64.9   70.7 
  56.2   56.7   55.3   64.9   70.7 
  56.0   56.7   55.3   65.1   70.5 
  56.0   56.5   55.1   64.9   70.5 
  55.7   56.5   55.1   64.7   70.3 
  55.6   56.3   55.1   64.7   70.3 
  55.4   56.2   55.1   64.7   70.0 
  55.4   56.3   55.1   64.7   70.0 
  55.6   56.3   55.3   64.7   69.8 
  55.7   56.7   55.4   64.7   69.8 
  55.7   56.8   55.7   64.9   69.8 
  55.9   57.0   55.9   64.9   69.6 
  55.7   56.8   55.9   64.5   69.8 
  55.6   56.7   55.7   64.3   69.6 
  55.4   56.5   55.7   64.1   69.3 
  55.3   56.5   55.4   63.9   69.1 
  55.1   56.3   55.4   63.8   68.9 
  55.0   56.2   55.1   63.4   68.7 
  54.8   56.0   54.8   63.0   68.5 
  54.8   55.7   54.5   62.8   68.2 
  54.4   55.4   54.2   62.4   68.0 
  54.2   55.1   53.9   62.3   67.8 
  54.1   55.0   53.6   61.9   67.4 
  53.9   54.8   53.3   61.7   67.2 
  53.8   54.7   53.1   61.5   67.0 
  53.8   54.5   52.9   61.5   67.0 
  53.6   54.4   52.8   61.3   66.7 
  53.6   54.4   52.6   61.3   66.5 
  53.8   54.4   52.6   61.5   66.7 
  53.6   54.4   52.6   61.5   66.5 
  53.6   54.5   52.8   61.3   66.5 
  53.6   54.5   52.8   61.3   66.5 
  53.6   54.4   52.8   61.2   66.3 
  53.6   54.4   52.6   61.2   66.1 
  53.6   54.4   52.6   61.2   66.1 
  53.6   54.4   52.8   61.0   66.1 
  53.8   54.5   52.6   61.0   65.9 
  53.6   54.4   52.6   61.0   65.9 
  53.5   54.4   52.6   60.8   65.7 
  53.5   54.2   52.6   60.8   65.5 
  53.3   54.1   52.5   60.6   65.5 
  53.2   54.1   52.5   60.5   65.5 
  53.1   53.9   52.3   60.5   65.3 
  53.1   53.8   52.3   60.3   65.1 
  52.9   53.6   52.2   60.1   65.1 
  52.9   53.6   52.1   59.8   64.9 
  52.8   53.5   51.8   59.8   64.7 
  52.6   53.3   51.6   59.6   64.5 
  52.6   53.3   51.5   59.6   64.5 
  52.8   53.3   51.5   59.6   64.3 
  52.8   53.3   51.5   59.4   64.1 
  52.6   53.2   51.4   59.3   63.9 
  52.5   53.1   51.2   59.1   63.8 
  52.3   52.9   51.1   59.1   63.8 
  52.3   52.9   51.2   58.9   63.6 
  52.2   52.8   51.1   58.9   63.6 
  52.1   52.8   51.0   58.8   63.4 
  52.1   52.8   51.0   58.8   63.4 
  52.1   52.6   51.0   58.8   63.2 
  52.2   52.6   51.0   58.8   63.2 
  52.2   52.6   51.0   58.8   63.0 
  52.3   52.8   51.0   58.8   63.0 
  52.3   52.9   51.1   58.6   62.8 
  52.6   53.1   51.2   58.9   63.0 
  52.6   53.2   51.4   58.9   62.8 
  52.6   53.3   51.5   58.9   62.8 
  52.8   53.3   51.6   59.1   62.8 
  52.8   53.3   51.6   59.1   62.8 
  52.8   53.5   51.8   58.9   62.8 
  52.6   53.2   51.6   58.9   62.8 
  52.3   52.9   51.5   58.8   62.6 
  52.2   52.8   51.5   58.4   62.6 
  52.1   52.8   51.4   58.4   62.4 
  51.9   52.6   51.4   58.3   62.3 
  51.8   52.5   51.2   58.3   62.3 
  51.8   52.5   51.2   58.1   62.1 
  51.6   52.3   51.1   57.8   61.9 
  51.4   52.2   50.8   57.6   61.9 
  51.2   51.9   50.6   57.5   61.7 
  51.1   51.8   50.6   57.3   61.5 
  51.1   51.6   50.3   57.0   61.3 
  50.8   51.5   50.2   56.8   61.2 
  50.8   51.2   49.9   56.7   61.0 
  50.6   51.1   49.8   56.7   61.0 
  50.4   51.0   49.6   56.5   60.8 
  50.6   51.0   49.5   56.3   60.6 
  50.4   51.0   49.2   56.3   60.5 
  50.3   50.8   49.2   56.3   60.5 
  50.3   50.7   49.2   56.5   60.5 
  50.3   50.8   49.4   56.5   60.3 
  50.2   50.8   49.2   56.3   60.3 
  50.3   50.7   49.1   56.2   60.3 
  50.3   50.7   49.1   56.2   60.3 
  50.4   50.8   49.2   56.2   60.1 
  50.6   51.0   49.2   56.2   59.9 
  50.6   51.1   49.2   56.0   59.9 
  50.4   51.1   49.1   56.0   59.9 
  50.4   51.0   49.2   56.0   59.9 
  50.4   50.8   49.1   56.0   59.8 
  50.3   50.8   49.1   56.0   59.8 
  50.3   50.8   49.1   56.0   59.8 
  50.2   50.8   49.2   56.0   59.8 
  50.2   50.7   49.1   55.9   59.6 
  50.0   50.6   49.0   55.6   59.6 
  49.9   50.6   48.8   55.6   59.4 
  49.9   50.4   48.8   55.4   59.3 
  49.9   50.6   48.8   55.6   59.3 
  49.8   50.6   48.7   55.4   59.1 
  49.8   50.3   48.7   55.4   59.1 
  49.8   50.3   48.7   55.3   58.9 
  49.8   50.3   48.7   55.3   58.9 
  49.8   50.3   48.7   55.1   58.9 
  49.8   50.3   48.6   55.1   58.8 
  49.6   50.3   48.7   55.1   58.8 
  49.6   50.2   48.7   55.3   58.8 
  49.6   50.2   48.7   55.1   58.6 
  49.6   50.0   48.8   55.1   58.6 
  49.6   50.0   48.7   55.0   58.4 
  49.5   50.0   48.7   54.8   58.3 
  49.6   49.9   48.7   54.8   58.3 
  49.5   49.9   48.7   54.7   58.1 
  49.5   50.0   48.7   54.8   58.1 
  49.5   49.9   48.8   54.8   58.1 
  49.5   49.9   48.8   54.8   57.9 
  49.5   50.0   48.8   54.8   57.9 
  49.4   49.9   48.8   54.8   57.8 
  49.1   49.8   48.8   54.8   57.9 
  49.1   49.6   48.8   54.7   57.8 
  49.1   49.5   48.7   54.5   57.6 
  49.0   49.6   48.7   54.5   57.6 
  48.8   49.4   48.7   54.4   57.5 
  48.7   49.2   48.6   54.2   57.5 
  48.7   49.2   48.5   54.1   57.3 
  48.6   49.1   48.3   54.1   57.1 
  48.5   49.0   48.1   53.9   57.1 
  48.5   49.0   48.1   53.8   57.0 
  48.3   48.8   47.9   53.8   56.8 
  48.3   48.7   47.8   53.6   56.8 
  48.2   48.7   47.7   53.5   56.7 
  48.2   48.6   47.6   53.3   56.5 
  48.1   48.6   47.6   53.2   56.5 
  47.9   48.5   47.4   53.1   56.5 
  47.9   48.3   47.3   52.9   56.2 
  47.9   48.3   47.2   52.8   56.2 
  47.9   48.3   47.2   52.9   56.0 
  47.9   48.3   47.1   52.8   55.9 
  47.8   48.3   47.1   52.8   55.9 
  47.6   48.1   47.1   52.8   55.7 
  47.6   47.9   46.9   52.6   55.9 
  47.4   47.9   46.8   52.5   55.7 
  47.4   47.9   46.7   52.6   55.6 
  47.4   47.8   46.7   52.5   55.6 
  47.6   47.9   46.7   52.6   55.6 
  47.6   47.9   46.8   52.5   55.6 
  47.6   47.9   46.8   52.5   55.6 
  47.6   48.1   46.8   52.5   55.4 
  47.4   47.9   46.7   52.3   55.4 
  47.4   47.9   46.7   52.3   55.4 
  47.4   47.9   46.7   52.3   55.3 
  47.4   47.9   46.7   52.2   55.3 
  47.4   47.8   46.6   52.1   55.1 
  47.3   47.8   46.4   51.9   55.0 
  47.2   47.7   46.4   51.8   55.0 
  47.2   47.6   46.3   51.8   54.8 
  47.1   47.6   46.2   51.8   54.8 
  47.1   47.4   46.2   51.6   54.7 
  46.9   47.4   46.2   51.5   54.7 
  46.9   47.3   46.1   51.4   54.5 
  46.8   47.3   46.0   51.2   54.5 
  46.8   47.2   45.8   51.2   54.4 
  46.7   47.2   45.8   51.2   54.2 
  46.7   47.1   45.8   51.1   54.2 
  46.7   47.1   45.7   51.2   54.2 
  46.6   47.1   45.7   51.0   54.1 
  46.4   46.9   45.6   51.1   53.9 
  46.4   46.8   45.6   51.0   53.9 
  46.4   46.8   45.6   51.0   53.8 
  46.3   46.8   45.6   51.0   53.8 
  46.3   46.8   45.6   50.8   53.6 
  46.2   46.7   45.6   50.7   53.6 
  46.2   46.7   45.5   50.7   53.6 
  46.1   46.6   45.5   50.6   53.6 
  46.1   46.6   45.4   50.6   53.5 
  46.1   46.6   45.4   50.6   53.5 
  46.0   46.4   45.2   50.4   53.3 
  46.0   46.3   45.2   50.4   53.3 
  46.0   46.3   45.2   50.4   53.2 
  46.0   46.3   45.2   50.4   53.2 
  46.0   46.4   45.2   50.3   53.1 
  46.1   46.4   45.4   50.3   53.1 
  46.1   46.4   45.5   50.6   53.1 
  46.2   46.6   45.6   50.7   53.1 
  46.2   46.6   45.7   50.7   53.1 
  46.3   46.7   45.8   50.8   52.9 
  46.4   46.8   46.0   50.7   52.9 
  46.4   46.8   46.0   50.6   53.1 
  46.4   47.1   46.1   50.7   52.9 
  46.6   46.9   46.2   50.7   52.9 
  46.6   46.9   46.2   50.7   52.9 
  46.4   46.9   46.2   50.7   52.8 
  46.4   46.8   46.1   50.6   52.8 
  46.4   46.8   46.1   50.4   52.8 
  46.3   46.6   46.0   50.4   52.6 
  46.2   46.6   45.8   50.2   52.6 
  46.1   46.4   45.7   50.2   52.6 
  46.0   46.4   45.6   50.0   52.5 
  46.0   46.3   45.6   49.9   52.3 
  45.8   46.2   45.5   49.9   52.3 
  45.8   46.2   45.4   49.9   52.2 
  45.7   46.1   45.4   49.8   52.2 
  45.7   46.1   45.2   49.8   52.2 
  45.6   46.1   45.2   49.8   52.1 
  45.6   46.0   45.2   49.8   52.1 
  45.5   45.8   45.2   49.6   51.9 
  45.5   45.8   45.0   49.5   51.9 
  45.5   45.7   45.0   49.4   51.9 
  45.5   45.7   44.9   49.4   51.8 
  45.4   45.6   44.9   49.4   51.8 
  45.2   45.6   44.8   49.1   51.6 
  45.1   45.5   44.6   49.0   51.5 
  45.1   45.5   44.5   48.8   51.4 
  45.0   45.4   44.4   48.7   51.4 
  45.0   45.4   44.4   48.7   51.2 
  44.9   45.2   44.3   48.6   51.2 
  44.8   45.1   44.2   48.5   51.1 
  44.8   45.0   44.1   48.5   51.0 
  44.8   45.0   44.1   48.5   51.0 
  44.8   45.0   43.9   48.3   50.8 
  44.8   45.0   43.8   48.2   50.8 
  44.8   44.9   43.7   48.2   50.7 
  44.6   44.9   43.7   48.2   50.6 
  44.5   44.8   43.6   48.1   50.6 
  44.5   44.8   43.6   48.1   50.4 
  44.4   44.8   43.5   47.9   50.3 
  44.4   44.8   43.5   47.9   50.3 
  44.4   44.6   43.5   47.9   50.3 
  44.4   44.6   43.5   47.9   50.3 
  44.4   44.5   43.5   47.9   50.2 
  44.3   44.5   43.5   47.9   50.2 
  44.2   44.4   43.4   47.8   50.2 
  44.2   44.4   43.4   47.8   50.2 
  44.1   44.3   43.3   47.6   50.0 
  44.1   44.3   43.3   47.6   50.0 
  44.1   44.2   43.3   47.6   49.9 
  44.1   44.2   43.1   47.4   49.9 
  43.9   44.2   43.1   47.4   49.9 
  43.9   44.2   43.0   47.4   49.8 
  43.9   44.2   43.0   47.3   49.8 
  43.8   44.2   43.0   47.3   49.8 
  43.8   44.1   42.9   47.2   49.6 
  43.7   44.1   42.9   47.1   49.5 
  43.7   43.9   42.8   47.1   49.5 
  43.7   43.9   42.8   46.9   49.5 
  43.7   43.8   42.7   46.8   49.4 
  43.6   43.8   42.7   46.9   49.2 
  43.5   43.7   42.6   46.8   49.2 
  43.5   43.7   42.6   46.7   49.1 
  43.5   43.6   42.6   46.7   49.1 
  43.4   43.6   42.5   46.6   49.0 
  43.4   43.6   42.5   46.6   49.0 
  43.4   43.6   42.5   46.6   49.0 
  43.4   43.6   42.5   46.6   48.8 
  43.4   43.5   42.5   46.6   48.8 
  43.3   43.5   42.5   46.4   48.7 
  43.1   43.4   42.3   46.3   48.7 
  43.1   43.4   42.3   46.3   48.6 
  43.0   43.3   42.2   46.2   48.6 
  43.0   43.3   42.2   46.3   48.5 
  42.9   43.3   42.2   46.2   48.5 
  42.9   43.1   42.1   46.2   48.5 
  42.8   43.1   42.2   46.2   48.5 
  42.9   43.3   42.2   46.2   48.3 
  42.9   43.1   42.1   46.2   48.5 
  42.9   43.1   42.2   46.2   48.3 
  42.9   43.1   42.3   46.3   48.3 
  42.9   43.3   42.3   46.3   48.3 
  42.9   43.3   42.5   46.3   48.3 
  42.9   43.3   42.6   46.2   48.2 
  42.9   43.3   42.5   46.2   48.2 
  42.8   43.1   42.5   46.2   48.2 
  42.8   43.3   42.3   46.1   48.1 
  42.8   43.3   42.3   46.0   48.1 
  42.8   43.1   42.3   46.0   47.9 
  42.8   43.1   42.3   45.8   47.9 
  42.8   43.0   42.2   45.8   47.8 
  42.7   42.9   42.1   45.7   47.7 
  42.7   42.9   42.1   45.6   47.7 
  42.7   42.9   42.1   45.5   47.6 
  42.7   42.8   42.0   45.5   47.6 
  42.6   42.8   41.9   45.5   47.4 
  42.5   42.7   41.9   45.5   47.4 
  42.5   42.7   41.9   45.5   47.4 
  42.5   42.8   41.9   45.5   47.3 
  42.6   42.8   42.0   45.5   47.4 
  42.6   42.8   42.0   45.6   47.3 
  42.6   42.8   42.0   45.6   47.3 
  42.5   42.8   42.0   45.5   47.3 
  42.5   42.7   42.0   45.5   47.3 
  42.3   42.7   41.9   45.6   47.2 
  42.5   42.6   42.0   45.6   47.2 
  42.5   42.7   42.0   45.6   47.2 
  42.5   42.7   42.0   45.6   47.2 
  42.5   42.8   42.1   45.6   47.2 
  42.5   42.8   42.1   45.6   47.1 
  42.5   42.7   42.0   45.5   47.1 
  42.5   42.7   42.0   45.5   47.1 
  42.5   42.7   42.1   45.5   47.1 
  42.5   42.7   42.1   45.5   47.1 
  42.5   42.7   42.1   45.5   46.9 
  42.5   42.8   42.2   45.4   46.9 
  42.5   42.8   42.2   45.5   46.9 
  42.5   42.7   42.2   45.5   46.8 
  42.3   42.7   42.2   45.4   46.8 
  42.3   42.6   42.2   45.2   46.8 
  42.2   42.5   42.1   45.2   46.7 
  42.1   42.3   42.0   45.1   46.7 
  42.0   42.2   41.9   45.0   46.6 
  41.9   42.1   41.7   44.9   46.6 
  41.8   42.0   41.6   44.6   46.4 
  41.7   41.9   41.5   44.6   46.4 
  41.7   41.9   41.4   44.5   46.3 
  41.6   41.8   41.2   44.5   46.3 
  41.6   41.7   41.1   44.4   46.2 
  41.5   41.7   41.0   44.3   46.1 
  41.5   41.6   40.9   44.2   46.1 
  41.4   41.5   40.8   44.2   46.1 
  41.4   41.5   40.8   44.2   46.0 
  41.2   41.5   40.7   44.1   46.0 
  41.2   41.4   40.6   44.1   45.8 
  41.1   41.4   40.6   44.1   45.8 
  41.1   41.4   40.6   43.9   45.7 
  41.1   41.4   40.6   43.9   45.7 
  41.1   41.4   40.6   43.9   45.7 
  41.1   41.5   40.6   43.9   45.7 
  41.1   41.4   40.6   43.9   45.6 
  41.1   41.4   40.6   43.9   45.7 
  41.1   41.2   40.6   43.9   45.6 
  41.1   41.2   40.6   43.9   45.6 
  41.1   41.2   40.6   43.9   45.6 
  41.0   41.2   40.6   43.9   45.6 
  41.0   41.2   40.6   43.9   45.6 
  41.1   41.2   40.6   43.9   45.5 
  41.0   41.2   40.6   43.9   45.5 
  41.1   41.2   40.6   43.9   45.5 
  41.1   41.2   40.7   43.9   45.5 
  41.1   41.2   40.6   43.9   45.5 
  41.1   41.4   40.7   43.8   45.4 
  41.1   41.4   40.7   43.8   45.4 
  41.1   41.4   40.7   43.8   45.5 
  41.1   41.4   40.7   43.8   45.4 
  41.2   41.5   40.8   43.8   45.4 
  41.2   41.5   40.9   43.9   45.4 
  41.2   41.6   41.0   43.9   45.2 
  41.2   41.6   41.0   43.9   45.2 
  41.2   41.6   41.0   43.9   45.2 
  41.2   41.6   41.1   43.9   45.2 
  41.2   41.6   41.1   43.8   45.1 
  41.2   41.6   41.0   43.7   45.1 
  41.1   41.4   40.9   43.6   45.1 
  41.0   41.4   40.9   43.5   45.0 
  40.9   41.2   40.9   43.5   45.0 
  41.0   41.2   40.7   43.4   44.9 
  40.9   41.1   40.6   43.4   44.8 
  40.9   41.1   40.6   43.3   44.8 
  40.9   41.1   40.6   43.3   44.6 
  40.9   41.1   40.6   43.4   44.6 
  40.9   41.1   40.6   43.3   44.6 
  40.8   41.0   40.6   43.3   44.6 
  40.8   41.0   40.5   43.3   44.6 
  40.8   40.9   40.5   43.3   44.6 
  40.8   41.0   40.5   43.3   44.5 
  40.8   41.0   40.5   43.3   44.5 
  40.7   40.9   40.5   43.1   44.5 
  40.7   40.8   40.4   43.1   44.4 
  40.6   40.8   40.4   43.0   44.4 
  40.6   40.8   40.3   43.0   44.4 
  40.6   40.8   40.3   42.9   44.4 
  40.6   40.7   40.2   42.9   44.3 
  40.6   40.8   40.2   42.9   44.3 
  40.6   40.7   40.2   42.9   44.2 
  40.7   40.8   40.3   42.9   44.2 
  40.6   40.8   40.3   43.0   44.2 
  40.6   40.8   40.3   43.0   44.2 
  40.6   40.8   40.3   43.0   44.2 
  40.7   40.9   40.4   42.9   44.2 
  40.7   40.9   40.4   43.0   44.2 
  40.8   40.9   40.4   42.9   44.1 
  40.7   40.8   40.4   43.0   44.1 
  40.7   40.9   40.4   42.9   44.1 
  40.7   40.8   40.4   42.9   44.1 
  40.7   41.0   40.4   42.9   44.1 
  40.7   40.9   40.5   42.9   43.9 
  40.7   40.9   40.5   42.9   43.9 
  40.7   40.9   40.5   42.9   43.9 
  40.7   41.0   40.6   42.9   43.9 
  40.7   40.8   40.6   42.9   43.9 
  40.7   40.9   40.6   42.9   43.8 
  40.7   40.9   40.6   42.8   43.8 
  40.7   40.8   40.6   42.8   43.8 
  40.7   40.8   40.6   42.8   43.7 
  40.6   40.8   40.6   42.8   43.7 
  40.5   40.7   40.6   42.7   43.7 
  40.4   40.6   40.5   42.7   43.7 
  40.3   40.5   40.4   42.6   43.6 
  40.2   40.5   40.3   42.5   43.6 
  40.2   40.4   40.2   42.3   43.6 
  40.0   40.3   40.0   42.2   43.5 
  39.9   40.2   39.9   42.1   43.5 
  39.8   40.0   39.7   42.0   43.4 
  39.7   39.9   39.6   42.0   43.4 
  39.7   39.9   39.6   42.0   43.3 
  39.7   39.8   39.5   41.9   43.3 
  39.6   39.7   39.4   41.8   43.1 
  39.6   39.7   39.3   41.7   43.1 
  39.5   39.6   39.2   41.7   43.0 
  39.5   39.6   39.2   41.6   42.9 
  39.5   39.5   39.1   41.5   42.9 
  39.4   39.5   39.1   41.6   42.8 
  39.4   39.5   39.0   41.5   42.8 
  39.3   39.5   39.0   41.5   42.8 
  39.4   39.5   39.0   41.6   42.8 
  39.4   39.6   39.1   41.6   42.8 
  39.4   39.7   39.1   41.6   42.8 
  39.5   39.7   39.2   41.8   42.8 
  39.5   39.7   39.3   41.8   42.8 
  39.5   39.8   39.3   41.8   42.8 
  39.6   39.7   39.4   41.8   42.8 
  39.6   39.8   39.4   41.8   42.8 
  39.6   39.8   39.4   41.8   42.8 
  39.6   39.7   39.4   41.7   42.8 
  39.6   39.7   39.3   41.7   42.7 
  39.6   39.7   39.4   41.7   42.7 
  39.6   39.7   39.3   41.6   42.7 
  39.6   39.7   39.3   41.7   42.7 
  39.6   39.7   39.3   41.6   42.6 
  39.6   39.7   39.3   41.6   42.6 
  39.6   39.7   39.3   41.6   42.6 
  39.6   39.7   39.3   41.6   42.5 
  39.6   39.7   39.3   41.6   42.5 
  39.5   39.7   39.3   41.6   42.5 
  39.4   39.6   39.3   41.5   42.5 
  39.4   39.6   39.3   41.5   42.5 
  39.4   39.6   39.3   41.5   42.5 
  39.3   39.5   39.2   41.5   42.6 
  39.3   39.5   39.2   41.4   42.3 
  39.2   39.4   39.1   41.2   42.3 
  39.3   39.4   39.1   41.2   42.2 
  39.2   39.4   39.0   41.2   42.2 
  39.2   39.3   39.0   41.4   42.2 
  39.2   39.3   38.9   41.1   42.2 
  39.2   39.3   38.9   41.0   42.1 
  39.2   39.3   38.9   41.0   42.1 
  39.1   39.3   38.9   41.1   42.1 
  39.1   39.3   38.9   41.1   42.1 
  39.1   39.3   38.9   41.1   42.1 
  39.1   39.3   39.0   41.1   42.1 
  39.1   39.3   39.0   41.0   42.0 
  39.0   39.2   38.9   41.0   42.0 
  39.0   39.1   38.9   40.9   42.0 
  38.9   39.1   38.8   40.8   42.0 
  38.9   39.0   38.7   40.8   41.9 
  38.8   38.9   38.7   40.7   41.8 
  38.8   38.9   38.6   40.6   41.8 
  38.7   38.8   38.5   40.6   41.9 
  38.7   38.8   38.5   40.6   41.7 
  38.7   38.8   38.5   40.6   41.7 
  38.7   38.8   38.5   40.6   41.7 
  38.7   38.8   38.5   40.6   41.7 
  38.6   38.8   38.4   40.5   41.6 
  38.6   38.7   38.4   40.5   41.6 
  38.5   38.7   38.3   40.4   41.6 
  38.5   38.6   38.3   40.4   41.5 
  38.5   38.6   38.1   40.4   41.5 
  38.5   38.6   38.1   40.4   41.5 
  38.4   38.6   38.1   40.4   41.5 
  38.4   38.5   38.1   40.3   41.5 
  38.4   38.5   38.1   40.3   41.4 
  38.3   38.5   38.0   40.3   41.4 
  38.4   38.5   38.0   40.3   41.4 
  38.3   38.4   38.0   40.3   41.4 
  38.3   38.4   37.9   40.2   41.2 
  38.3   38.4   37.9   40.2   41.2 
  38.3   38.4   37.8   40.0   41.2 
  38.3   38.4   37.8   40.0   41.2 
  38.3   38.4   37.8   40.0   41.1 
  38.3   38.5   37.8   40.0   41.1 
  38.4   38.5   37.9   40.0   41.1 
  38.4   38.5   37.9   40.0   41.1 
  38.4   38.5   37.9   40.0   41.1 
  38.4   38.5   37.9   40.0   41.1 
  38.3   38.4   37.9   40.0   41.1 
  38.3   38.4   37.8   39.9   41.0 
  38.3   38.4   37.9   39.9   41.0 
  38.1   38.3   37.8   39.8   40.9 
  38.1   38.3   37.8   39.8   41.0 
  38.1   38.3   37.8   39.8   40.9 
  38.0   38.3   37.7   39.8   40.9 
  38.1   38.3   37.7   39.8   40.8 
  38.0   38.1   37.7   39.7   40.8 
  38.0   38.1   37.7   39.7   40.8 
  37.9   38.0   37.6   39.6   40.8 
  37.8   38.0   37.6   39.6   40.7 
  37.8   37.9   37.5   39.5   40.7 
  37.8   37.9   37.5   39.5   40.7 
  37.8   37.9   37.5   39.5   40.6 
  37.8   37.8   37.4   39.4   40.6 
  37.8   37.8   37.4   39.4   40.6 
  37.7   37.8   37.3   39.4   40.5 
  37.7   37.8   37.3   39.3   40.5 
  37.7   37.8   37.3   39.3   40.5 
  37.6   37.7   37.2   39.3   40.4 
  37.6   37.7   37.2   39.2   40.4 
  37.6   37.7   37.2   39.2   40.3 
  37.6   37.6   37.2   39.2   40.3 
  37.6   37.6   37.1   39.2   40.3 
  37.6   37.6   37.1   39.1   40.3 
  37.5   37.6   37.0   39.1   40.3 
  37.5   37.6   37.0   39.1   40.3 
  37.5   37.6   37.0   39.1   40.2 
  37.5   37.5   37.0   39.0   40.2 
  37.4   37.5   37.0   39.0   40.2 
  37.4   37.5   36.9   38.9   40.0 
  37.4   37.4   36.9   38.9   40.0 
  37.3   37.4   36.8   38.9   39.9 
  37.3   37.4   36.8   38.9   39.9 
  37.3   37.4   36.8   38.9   39.9 
  37.3   37.4   36.8   38.8   39.9 
  37.3   37.3   36.8   38.8   39.8 
  37.3   37.3   36.8   38.7   39.8 
  37.2   37.3   36.7   38.7   39.8 
  37.2   37.3   36.7   38.7   39.8 
  37.2   37.2   36.7   38.6   39.7 
  37.2   37.2   36.6   38.7   39.7 
  37.1   37.2   36.6   38.7   39.7 
  37.1   37.2   36.6   38.7   39.7 
  37.2   37.2   36.6   38.7   39.6 
  37.1   37.2   36.7   38.7   39.6 
  37.1   37.3   36.6   38.7   39.7 
  37.1   37.2   36.6   38.7   39.6 
  37.1   37.2   36.6   38.7   39.6 
  37.1   37.2   36.7   38.6   39.6 
  37.1   37.2   36.6   38.6   39.6 
  37.2   37.2   36.6   38.6   39.5 
  37.0   37.2   36.6   38.6   39.5 
  37.1   37.1   36.6   38.6   39.5 
  37.1   37.1   36.6   38.6   39.5 
  37.0   37.1   36.6   38.6   39.5 
  37.0   37.1   36.6   38.5   39.4 
  37.0   37.1   36.6   38.5   39.4 
  37.0   37.1   36.6   38.5   39.4 
  37.0   37.1   36.6   38.5   39.4 
  37.0   37.1   36.6   38.5   39.4 
  37.0   37.1   36.6   38.4   39.3 
  36.9   37.0   36.6   38.5   39.4 
  37.0   37.0   36.6   38.5   39.3 
  37.0   37.0   36.6   38.5   39.3 
  37.0   37.0   36.6   38.5   39.3 
  36.9   37.0   36.6   38.5   39.3 
  36.9   36.9   36.6   38.4   39.3 
  36.9   36.9   36.6   38.4   39.3 
  36.9   37.0   36.6   38.4   39.3 
  36.9   37.0   36.6   38.4   39.2 
  36.9   37.0   36.6   38.4   39.2 
  36.9   37.0   36.6   38.4   39.2 
  36.9   37.0   36.6   38.4   39.2 
  36.9   37.0   36.7   38.5   39.2 
  37.0   37.1   36.7   38.5   39.2 
  37.0   37.0   36.7   38.5   39.2 
  37.0   37.1   36.8   38.5   39.1 
  36.9   37.0   36.8   38.5   39.1 
  36.9   37.0   36.8   38.5   39.1 
  36.8   37.0   36.8   38.4   39.1 
  36.8   37.0   36.7   38.4   39.1 
  36.8   36.9   36.7   38.4   39.1 
  36.8   36.9   36.7   38.3   39.0 
  36.7   36.9   36.6   38.3   39.1 
  36.8   36.8   36.6   38.1   39.0 
  36.7   36.8   36.6   38.1   39.0 
  36.7   36.8   36.6   38.1   39.0 
  36.6   36.7   36.6   38.1   39.0 
  36.6   36.7   36.5   38.1   38.9 
  36.7   36.7   36.5   38.1   38.9 
  36.7   36.7   36.5   38.1   38.9 
  36.7   36.7   36.5   38.1   38.9 
  36.6   36.7   36.5   38.1   38.9 
  36.6   36.7   36.5   38.1   38.9 
  36.5   36.7   36.5   38.0   38.9 
  36.5   36.6   36.4   38.0   38.9 
  36.5   36.6   36.4   37.9   38.8 
  36.5   36.6   36.3   37.9   38.8 
  36.4   36.6   36.3   37.9   38.8 
  36.5   36.6   36.2   37.9   38.8 
  36.5   36.6   36.2   37.8   38.8 
  36.5   36.5   36.3   37.8   38.7 
  36.5   36.5   36.2   37.9   38.7 
  36.5   36.5   36.2   37.8   38.7 
  36.4   36.5   36.2   37.8   38.7 
  36.4   36.5   36.1   37.7   38.6 
  36.4   36.5   36.1   37.7   38.6 
  36.4   36.5   36.1   37.7   38.6 
  36.4   36.5   36.1   37.7   38.6 
  36.4   36.4   36.1   37.7   38.6 
  36.4   36.4   36.1   37.7   38.5 
  36.4   36.4   36.1   37.7   38.5 
  36.3   36.4   36.1   37.7   38.5 
  36.3   36.4   36.1   37.6   38.5 
  36.3   36.3   36.0   37.6   38.5 
  36.3   36.3   36.0   37.6   38.5 
  36.3   36.3   36.0   37.5   38.4 
  36.2   36.3   35.9   37.5   38.4 
  36.2   36.3   35.9   37.5   38.4 
  36.2   36.2   35.9   37.5   38.4 
  36.2   36.2   35.9   37.5   38.3 
  36.2   36.2   35.9   37.4   38.3 
  36.1   36.2   35.9   37.4   38.3 
  36.2   36.2   35.9   37.5   38.3 
  36.2   36.2   35.9   37.5   38.3 
  36.1   36.2   35.9   37.4   38.1 
  36.1   36.2   35.9   37.4   38.1 
  36.0   36.1   35.8   37.3   38.1 
  36.1   36.1   35.9   37.3   38.1 
  36.0   36.0   35.7   37.3   38.0 
  36.0   36.0   35.7   37.3   38.0 
  36.0   36.0   35.7   37.3   38.0 
  36.0   36.0   35.7   37.3   38.0 
  36.0   36.0   35.7   37.2   38.0 
  36.0   36.0   35.6   37.2   38.0 
  35.9   36.0   35.6   37.2   37.9 
  35.9   36.0   35.6   37.2   37.9 
  35.9   36.0   35.6   37.2   37.9 
  36.0   35.9   35.6   37.1   37.9 
  35.8   35.9   35.6   37.1   37.9 
  35.9   35.9   35.5   37.1   37.8 
  35.9   36.0   35.5   37.1   37.8 
  35.9   35.9   35.5   37.1   37.8 
  35.9   35.9   35.5   37.1   37.8 
  35.8   35.9   35.5   37.1   37.8 
  35.8   35.8   35.5   37.0   37.7 
  35.8   35.8   35.5   37.0   37.7 
  35.8   35.8   35.4   37.0   37.7 
  35.7   35.8   35.4   37.0   37.7 
  35.7   35.8   35.4   37.0   37.7 
  35.7   35.7   35.4   36.9   37.7 
  35.7   35.7   35.4   36.9   37.7 
  35.7   35.7   35.4   36.9   37.7 
  35.7   35.7   35.4   36.9   37.6 
  35.6   35.7   35.3   36.9   37.6 
  35.7   35.7   35.4   36.8   37.6 
  35.6   35.7   35.3   36.8   37.5 
  35.6   35.7   35.3   36.8   37.5 
  35.6   35.6   35.3   36.8   37.5 
  35.6   35.6   35.3   36.7   37.5 
  35.6   35.6   35.3   36.8   37.5 
  35.6   35.5   35.3   36.8   37.4 
  35.6   35.6   35.3   36.8   37.5 
  35.6   35.6   35.3   36.8   37.5 
  35.6   35.7   35.3   36.8   37.4 
  35.6   35.7   35.4   36.8   37.4 
  35.6   35.7   35.4   36.8   37.4 
  35.6   35.7   35.4   36.8   37.4 
  35.6   35.6   35.4   36.8   37.4 
  35.6   35.6   35.3   36.8   37.4 
  35.6   35.6   35.3   36.7   37.4 
  35.5   35.6   35.3   36.7   37.4 
  35.5   35.6   35.3   36.7   37.3 
  35.4   35.5   35.3   36.6   37.3 
  35.5   35.5   35.2   36.6   37.3 
  35.4   35.5   35.2   36.6   37.3 
  35.5   35.5   35.2   36.6   37.3 
  35.4   35.5   35.2   36.6   37.3 
  35.4   35.4   35.2   36.6   37.2 
  35.4   35.4   35.2   36.6   37.2 
  35.3   35.4   35.2   36.5   37.2 
  35.3   35.4   35.2   36.5   37.2 
  35.3   35.4   35.2   36.5   37.2 
  35.3   35.4   35.2   36.5   37.2 
  35.3   35.3   35.1   36.5   37.2 
  35.2   35.4   35.1   36.4   37.1 
  35.2   35.3   35.1   36.4   37.1 
  35.2   35.3   35.0   36.4   37.1 
  35.2   35.3   35.0   36.4   37.1 
  35.2   35.3   35.0   36.3   37.1 
  35.2   35.2   35.0   36.4   37.0 
  35.2   35.3   35.0   36.4   37.0 
  35.2   35.3   35.0   36.4   37.0 
  35.3   35.3   35.1   36.4   37.0 
  35.3   35.4   35.1   36.5   37.0 
  35.3   35.3   35.1   36.5   37.0 
  35.3   35.4   35.2   36.5   37.0 
  35.3   35.4   35.2   36.5   37.0 
  35.4   35.4   35.2   36.5   37.0 
  35.4   35.5   35.3   36.6   37.0 
  35.4   35.4   35.3   36.6   37.1 
  35.4   35.5   35.3   36.5   37.1 
  35.5   35.5   35.3   36.5   37.0 
  35.4   35.5   35.3   36.5   37.0 
  35.4   35.5   35.3   36.5   37.0 
  35.4   35.4   35.3   36.4   37.0 
  35.4   35.5   35.3   36.5   37.0 
  35.4   35.5   35.3   36.5   37.0 
  35.4   35.5   35.3   36.5   36.9 
  35.4   35.5   35.4   36.5   37.0 
  35.4   35.5   35.4   36.5   36.9 
  35.4   35.6   35.4   36.6   36.9 
  35.4   35.5   35.4   36.4   36.9 
  35.5   35.5   35.4   36.4   36.9 
  35.4   35.4   35.3   36.4   36.9 
  35.4   35.4   35.3   36.4   36.8 
  35.3   35.4   35.3   36.5   36.8 
  35.3   35.4   35.3   36.3   36.8 
  35.3   35.3   35.2   36.3   36.8 
  35.3   35.3   35.2   36.2   36.8 
  35.2   35.3   35.2   36.2   36.8 
  35.2   35.2   35.1   36.2   36.8 
  35.2   35.2   35.1   36.2   36.7 
  35.2   35.2   35.1   36.2   36.7 
  35.2   35.2   35.1   36.1   36.7 
  35.2   35.2   35.1   36.1   36.7 
  35.1   35.2   35.1   36.1   36.7 
  35.2   35.2   35.1   36.1   36.7 
  35.1   35.2   35.0   36.1   36.6 
  35.1   35.1   35.0   36.1   36.6 
  35.1   35.1   35.0   36.0   36.6 
  35.0   35.1   35.0   36.1   36.6 
  35.1   35.1   35.0   36.1   36.6 
  35.1   35.2   35.0   36.1   36.6 
  35.1   35.2   35.1   36.1   36.6 
  35.1   35.2   35.1   36.1   36.6 
  35.2   35.2   35.1   36.1   36.6 
  35.2   35.2   35.1   36.1   36.5 
  35.2   35.2   35.2   36.1   36.5 
  35.2   35.2   35.1   36.1   36.5 
  35.2   35.2   35.1   36.1   36.5 
  35.2   35.2   35.1   36.1   36.5 
  35.2   35.2   35.1   36.0   36.5 
  35.2   35.2   35.1   36.0   36.5 
  35.1   35.1   35.1   36.0   36.5 
  35.2   35.2   35.1   36.0   36.5 
  35.2   35.2   35.1   36.0   36.5 
  35.1   35.1   35.0   36.0   36.5 
  35.1   35.1   35.0   36.0   36.5 
  35.1   35.1   35.0   36.0   36.4 
  35.0   35.1   35.0   35.9   36.4 
  35.1   35.1   35.0   35.9   36.4 
  35.0   35.0   34.9   35.9   36.4 
  35.0   35.0   34.9   35.8   36.4 
  34.9   35.0   34.8   35.8   36.4 
  34.9   34.9   34.8   35.8   36.3 
  34.9   34.9   34.8   35.8   36.3 
  34.9   34.9   34.8   35.8   36.3 
  34.9   34.9   34.7   35.8   36.3 
  34.9   34.9   34.7   35.7   36.3 
  34.8   34.8   34.7   35.7   36.3 
  34.8   34.8   34.7   35.7   36.2 
  34.8   34.8   34.6   35.7   36.2 
  34.8   34.8   34.6   35.7   36.2 
  34.7   34.7   34.6   35.6   36.2 
  34.7   34.7   34.6   35.6   36.1 
  34.7   34.7   34.5   35.6   36.1 
  34.7   34.7   34.5   35.6   36.1 
  34.7   34.7   34.5   35.5   36.1 
  34.6   34.6   34.4   35.5   36.1 
  34.6   34.6   34.4   35.5   36.1 
  34.6   34.6   34.4   35.5   36.1 
  34.6   34.6   34.4   35.5   36.0 
  34.6   34.6   34.4   35.5   36.0 
  34.5   34.6   34.4   35.5   36.0 
  34.5   34.5   34.4   35.4   36.0 
  34.5   34.6   34.3   35.4   35.9 
  34.5   34.5   34.3   35.4   36.0 
  34.5   34.5   34.3   35.4   35.9 
  34.5   34.5   34.3   35.4   35.9 
  34.5   34.5   34.3   35.4   35.9 
  34.5   34.5   34.3   35.4   35.9 
  34.4   34.5   34.3   35.4   35.9 
  34.5   34.5   34.3   35.4   35.9 
  34.5   34.5   34.3   35.4   35.9 
  34.5   34.5   34.3   35.3   35.9 
  34.4   34.5   34.3   35.3   35.9 
  34.4   34.5   34.3   35.3   35.8 
  34.4   34.5   34.2   35.3   35.9 
  34.4   34.4   34.2   35.3   35.8 
  34.4   34.4   34.2   35.3   35.8 
  34.4   34.4   34.2   35.3   35.8 
  34.4   34.4   34.2   35.3   35.8 
  34.4   34.5   34.2   35.3   35.8 
  34.4   34.4   34.2   35.3   35.8 
  34.4   34.4   34.2   35.3   35.8 
  34.4   34.4   34.2   35.3   35.8 
  34.4   34.4   34.2   35.3   35.8 
  34.4   34.4   34.2   35.3   35.8 
  34.4   34.4   34.2   35.3   35.8 
  34.4   34.4   34.2   35.3   35.8 
  34.4   34.4   34.2   35.2   35.7 
  34.4   34.4   34.3   35.2   35.7 
  34.4   34.5   34.2   35.2   35.7 
  34.4   34.4   34.3   35.2   35.7 
  34.4   34.4   34.3   35.2   35.7 
  34.4   34.4   34.3   35.2   35.7 
  34.4   34.4   34.2   35.2   35.7 
  34.4   34.4   34.3   35.2   35.7 
  34.4   34.4   34.2   35.2   35.6 
  34.4   34.4   34.2   35.2   35.6 
  34.3   34.4   34.2   35.1   35.6 
  34.3   34.3   34.2   35.1   35.6 
  34.3   34.4   34.2   35.1   35.6 
  34.4   34.4   34.2   35.2   35.6 
  34.3   34.4   34.2   35.2   35.6 
  34.4   34.4   34.3   35.2   35.6 
  34.4   34.4   34.3   35.2   35.6 
  34.4   34.4   34.2   35.2   35.6 
  34.3   34.3   34.2   35.1   35.6 
  34.3   34.3   34.2   35.1   35.6 
  34.3   34.3   34.2   35.1   35.6 
  34.3   34.2   34.1   35.0   35.5 
  34.2   34.2   34.1   35.0   35.5 
  34.2   34.2   34.1   35.0   35.5 
  34.2   34.2   34.1   35.0   35.5 
  34.2   34.2   34.0   35.0   35.5 
  34.2   34.2   34.0   35.0   35.5 
  34.1   34.2   34.0   35.0   35.5 
  34.2   34.1   34.0   35.0   35.4 
  34.1   34.1   34.0   35.0   35.4 
  34.2   34.1   34.0   35.0   35.4 
  34.1   34.1   34.0   35.0   35.4 
  34.1   34.1   34.0   35.0   35.4 
  34.1   34.2   34.0   35.0   35.4 
  34.1   34.1   34.0   35.0   35.4 
  34.1   34.2   34.0   35.0   35.4 
  34.1   34.2   34.0   35.0   35.4 
  34.1   34.1   34.0   34.9   35.4 
  34.1   34.1   34.0   35.0   35.4 
  34.1   34.2   34.0   34.9   35.3 
  34.1   34.1   34.0   34.9   35.4 
  34.1   34.2   34.1   34.9   35.3 
  34.1   34.1   34.0   34.9   35.3 
  34.1   34.2   34.0   34.9   35.3 
  34.2   34.2   34.1   34.9   35.3 
  34.2   34.2   34.1   35.0   35.3 
  34.2   34.2   34.1   35.0   35.3 
  34.2   34.3   34.2   35.0   35.3 
  34.2   34.3   34.2   35.0   35.3 
  34.2   34.3   34.2   35.0   35.3 
  34.2   34.2   34.2   35.0   35.3 
  34.2   34.3   34.2   35.0   35.3 
  34.2   34.2   34.2   35.0   35.3 
  34.2   34.2   34.2   34.9   35.3 
  34.2   34.2   34.2   34.9   35.2 
  34.1   34.2   34.1   34.9   35.3 
  34.1   34.1   34.1   34.9   35.3 
  34.1   34.1   34.1   34.9   35.2 
  34.1   34.1   34.1   34.9   35.3 
  34.1   34.1   34.1   34.8   35.3 
  34.1   34.1   34.1   34.9   35.2 
  34.0   34.0   34.1   34.9   35.2 
  34.1   34.1   34.0   34.8   35.2 
  34.1   34.0   34.0   34.8   35.2 
  34.1   34.0   34.0   34.8   35.2 
  34.0   34.1   34.0   34.8   35.2 
  34.0   34.0   34.0   34.7   35.2 
  34.0   34.1   34.0   34.7   35.1 
  34.0   34.0   33.9   34.7   35.1 
  34.0   34.1   33.9   34.7   35.1 
  34.0   34.0   33.9   34.7   35.1 
  34.0   34.0   33.9   34.7   35.1 
  34.0   34.0   33.9   34.7   35.1 
  34.0   34.0   33.9   34.7   35.1 
  34.0   34.0   33.9   34.7   35.1 
  34.1   34.0   33.9   34.7   35.1 
  34.0   34.0   33.9   34.7   35.0 
  34.0   34.0   33.9   34.7   35.0 
  34.0   34.0   33.9   34.7   35.0 
  34.0   34.0   33.9   34.8   35.1 
  34.0   34.0   33.9   34.6   35.0 
  34.0   34.0   34.0   34.7   35.0 
  34.0   34.1   33.9   34.7   35.1 
  34.0   34.0   34.0   34.8   35.0 
  34.1   34.1   34.0   34.7   35.0 
  34.1   34.1   34.0   34.7   35.1 
  34.1   34.1   34.0   34.7   35.0 
  34.1   34.1   34.1   34.7   35.0 
  34.1   34.1   34.1   34.7   35.0 
  34.1   34.1   34.1   34.7   35.0 
  34.1   34.1   34.1   34.7   35.0 
  34.1   34.1   34.1   34.7   35.0 
  34.1   34.1   34.1   34.7   35.0 
  34.1   34.1   34.1   34.7   35.0 
  34.1   34.1   34.1   34.7   35.0 
  34.1   34.1   34.1   34.7   35.0 
  34.1   34.1   34.1   34.7   35.0 
  34.1   34.1   34.1   34.6   35.0 
  34.1   34.1   34.1   34.7   34.9 
  34.1   34.1   34.1   34.6   35.0 
  34.1   34.1   34.1   34.7   34.9 
  34.1   34.1   34.1   34.7   34.9 
  34.1   34.1   34.1   34.7   34.9 
  34.1   34.1   34.2   34.7   34.9 
  34.1   34.1   34.2   34.7   34.9 
  34.1   34.1   34.2   34.7   34.9 
  34.1   34.1   34.1   34.7   34.9 
  34.1   34.0   34.1   34.7   34.9 
  34.0   34.1   34.1   34.7   34.9 
  34.1   34.0   34.1   34.6   34.9 
  34.0   34.0   34.1   34.6   34.9 
  34.0   34.0   34.1   34.6   34.9 
  34.0   34.0   34.1   34.6   35.0 
  34.0   34.0   34.0   34.6   34.9 
  34.0   34.0   34.0   34.6   34.9 
  34.0   34.0   34.0   34.5   34.8 
  34.0   34.0   34.0   34.5   34.8 
  34.0   33.9   34.0   34.5   34.8 
  33.9   34.0   34.0   34.5   34.8 
  33.9   33.9   34.0   34.5   34.8 
  33.9   33.9   33.9   34.4   34.8 
  33.8   33.8   33.8   34.4   34.8 
  33.8   33.8   33.8   34.3   34.7 
  33.8   33.8   33.8   34.5   34.7 
  33.8   33.8   33.8   34.3   34.7 
  33.8   33.8   33.8   34.3   34.7 
  33.8   33.8   33.8   34.3   34.7 
  33.8   33.8   33.8   34.3   34.7 
  33.8   33.8   33.7   34.2   34.7 
  33.8   33.8   33.7   34.3   34.6 
  33.8   33.7   33.7   34.3   34.6 
  33.7   33.7   33.7   34.2   34.6 
  33.7   33.7   33.7   34.2   34.6 
  33.7   33.7   33.7   34.2   34.6 
  33.8   33.7   33.6   34.2   34.6 
  33.7   33.8   33.6   34.2   34.5 
  33.7   33.7   33.6   34.2   34.6 
  33.8   33.7   33.6   34.2   34.5 
  33.7   33.7   33.6   34.2   34.6 
  33.7   33.7   33.7   34.3   34.6 
  33.7   33.7   33.7   34.2   34.6 
  33.8   33.7   33.6   34.2   34.5 
  33.8   33.8   33.7   34.2   34.6 
  33.7   33.7   33.7   34.2   34.6 
  33.8   33.7   33.6   34.2   34.5 
  33.8   33.7   33.6   34.2   34.5 
  33.8   33.7   33.6   34.2   34.5 
  33.8   33.8   33.6   34.2   34.5 
  33.7   33.7   33.6   34.1   34.5 
  33.8   33.7   33.6   34.2   34.5 
  33.7   33.7   33.6   34.2   34.5 
  33.7   33.7   33.6   34.2   34.5 
  33.8   33.7   33.6   34.2   34.5 
  33.8   33.7   33.7   34.2   34.5 
  33.7   33.7   33.7   34.2   34.5 
  33.8   33.7   33.7   34.1   34.5 
  33.8   33.8   33.7   34.2   34.5 
  33.8   33.7   33.7   34.2   34.5 
  33.7   33.7   33.7   34.2   34.5 
  33.7   33.7   33.7   34.2   34.5 
  33.7   33.7   33.7   34.2   34.5 
  33.7   33.7   33.7   34.2   34.4 
  33.7   33.7   33.7   34.2   34.5 
  33.7   33.7   33.7   34.2   34.4 
  33.7   33.7   33.7   34.2   34.4 
  33.7   33.7   33.7   34.1   34.4 
  33.7   33.7   33.6   34.1   34.4 
  33.7   33.6   33.6   34.1   34.4 
  33.7   33.6   33.6   34.1   34.4 
  33.7   33.6   33.6   34.1   34.4 
  33.7   33.7   33.6   34.1   34.4 
  33.7   33.6   33.6   34.1   34.4 
  33.6   33.6   33.6   34.1   34.3 
  33.6   33.6   33.6   34.1   34.4 
  33.6   33.6   33.6   34.1   34.4 
  33.7   33.6   33.6   34.1   34.4 
  33.6   33.6   33.6   34.1   34.4 
  33.6   33.6   33.6   34.1   34.4 
  33.7   33.6   33.6   34.1   34.3 
  33.6   33.6   33.6   34.1   34.4 
  33.6   33.6   33.6   34.1   34.3 
  33.6   33.6   33.6   34.0   34.3 
  33.6   33.6   33.6   34.1   34.3 
  33.6   33.6   33.6   34.0   34.3 
  33.6   33.6   33.6   34.0   34.3 
  33.6   33.6   33.6   34.0   34.3 
  33.5   33.6   33.6   34.0   34.3 
  33.6   33.5   33.6   34.0   34.3 
  33.6   33.6   33.6   34.1   34.3 
  33.6   33.6   33.6   34.1   34.3 
  33.6   33.6   33.6   34.0   34.3 
  33.5   33.6   33.6   34.0   34.3 
  33.6   33.6   33.5   34.0   34.3 
  33.6   33.6   33.6   34.0   34.3 
  33.6   33.6   33.6   34.0   34.3 
  33.6   33.6   33.6   34.0   34.3 
  33.6   33.5   33.6   34.0   34.3 
  33.6   33.6   33.6   34.0   34.3 
  33.6   33.6   33.5   34.0   34.2 
  33.6   33.5   33.6   34.0   34.3 
  33.6   33.6   33.5   34.0   34.2 
  33.6   33.5   33.5   34.0   34.2 
  33.6   33.6   33.5   34.0   34.2 
  33.6   33.6   33.5   33.9   34.2 
  33.6   33.6   33.5   34.0   34.2 
  33.6   33.6   33.5   33.9   34.2 
  33.6   33.6   33.5   33.9   34.2 
  33.6   33.5   33.5   33.9   34.2 
  33.6   33.5   33.5   33.9   34.2 
  33.6   33.5   33.5   33.9   34.2 
  33.6   33.6   33.5   33.9   34.2 
  33.6   33.5   33.5   33.9   34.2 
  33.6   33.5   33.5   33.9   34.2 
  33.6   33.5   33.5   33.9   34.2 
  33.5   33.6   33.5   33.9   34.2 
  33.5   33.5   33.5   33.9   34.1 
  33.5   33.5   33.5   33.9   34.1 
  33.5   33.5   33.5   33.9   34.2 
  33.5   33.6   33.5   33.9   34.2 
  33.5   33.5   33.5   33.9   34.1 
  33.5   33.5   33.6   33.9   34.1 
  33.5   33.6   33.5   33.9   34.1 
  33.5   33.5   33.5   33.9   34.2 
  33.5   33.4   33.5   33.9   34.1 
  33.5   33.5   33.5   33.8   34.1 
  33.5   33.5   33.5   33.8   34.1 
  33.5   33.4   33.4   33.8   34.1 
  33.5   33.4   33.4   33.8   34.1 
  33.5   33.4   33.4   33.8   34.0 
  33.5   33.4   33.5   33.8   34.1 
  33.5   33.5   33.5   33.8   34.1 
  33.5   33.5   33.5   33.8   34.1 
  33.5   33.5   33.5   33.8   34.0 
  33.5   33.5   33.5   33.8   34.1 
  33.5   33.5   33.5   33.9   34.1 
  33.5   33.5   33.5   33.8   34.0 
  33.5   33.5   33.5   33.8   34.0 
  33.5   33.5   33.5   33.8   34.1 
  33.5   33.4   33.5   33.8   34.0 
  33.5   33.5   33.5   33.8   34.1 
  33.5   33.5   33.5   33.9   34.0 
  33.5   33.5   33.5   33.8   34.0 
  33.5   33.4   33.5   33.8   34.0 
  33.5   33.4   33.5   33.8   34.0 
  33.4   33.4   33.4   33.8   34.0 
  33.5   33.4   33.5   33.8   34.0 
  33.4   33.4   33.5   33.8   34.0 
  33.4   33.4   33.4   33.8   34.0 
  33.4   33.4   33.4   33.8   34.0 
  33.4   33.4   33.5   33.8   34.0 
  33.4   33.4   33.4   33.8   34.0 
  33.4   33.4   33.4   33.8   34.0 
  33.4   33.4   33.4   33.8   34.0 
  33.4   33.4   33.4   33.8   34.0 
  33.4   33.4   33.4   33.8   33.9 
  33.4   33.3   33.4   33.8   33.9 
  33.3   33.3   33.4   33.8   33.9 
  33.3   33.3   33.3   33.8   34.0 
  33.3   33.3   33.3   33.8   33.9 
  33.4   33.3   33.3   33.8   33.9 
  33.3   33.3   33.3   33.8   33.9 
  33.3   33.3   33.3   33.7   33.9 
  33.3   33.3   33.3   33.7   33.9 
  33.3   33.3   33.2   33.7   34.0 
  33.3   33.3   33.3   33.7   33.9 
  33.3   33.3   33.2   33.7   33.9 
  33.3   33.3   33.3   33.7   33.9 
  33.3   33.3   33.2   33.7   33.8 
  33.3   33.3   33.2   33.7   33.9 
  33.3   33.2   33.3   33.7   33.8 
  33.3   33.2   33.2   33.8   33.8 
  33.2   33.2   33.2   33.7   33.8 
  33.2   33.2   33.2   33.7   33.8 
  33.2   33.2   33.2   33.6   33.8 
  33.2   33.2   33.2   33.7   33.8 
  33.2   33.2   33.2   33.7   33.8 
  33.2   33.2   33.2   33.7   33.8 
  33.2   33.2   33.2   33.6   33.8 
  33.2   33.2   33.2   33.7   33.8 
  33.2   33.2   33.2   33.6   33.8 
  33.2   33.2   33.2   33.7   33.8 
  33.3   33.2   33.2   33.7   33.8 
  33.2   33.2   33.2   33.7   33.8 
  33.2   33.2   33.2   33.7   33.8 
  33.2   33.2   33.2   33.7   33.8 
  33.2   33.2   33.3   33.7   33.8 
  33.2   33.2   33.2   33.7   33.8 
  33.2   33.2   33.2   33.7   33.8 
  33.2   33.3   33.3   33.7   33.8 
  33.3   33.2   33.3   33.7   33.8 
  33.2   33.2   33.3   33.7   33.8 
  33.3   33.3   33.3   33.7   33.8 
  33.3   33.2   33.3   33.6   33.8 
  33.3   33.2   33.3   33.7   33.8 
  33.3   33.3   33.3   33.7   33.8 
  33.2   33.2   33.3   33.6   33.8 
  33.2   33.2   33.2   33.6   33.8 
  33.2   33.2   33.2   33.6   33.8 
  33.2   33.2   33.3   33.6   33.8 
  33.2   33.2   33.2   33.6   33.8 
  33.2   33.2   33.2   33.6   33.8 
  33.2   33.2   33.2   33.6   33.8 
  33.2   33.2   33.2   33.6   33.8 
  33.2   33.2   33.2   33.6   33.8 
  33.2   33.2   33.2   33.6   33.8 
  33.2   33.2   33.2   33.6   33.8 
  33.2   33.2   33.2   33.6   33.8 
  33.2   33.2   33.2   33.6   33.8 
  33.2   33.1   33.2   33.6   33.8 
  33.2   33.1   33.2   33.6   33.8 
  33.2   33.2   33.2   33.5   33.8 
  33.2   33.1   33.1   33.5   33.8 
  33.2   33.1   33.2   33.5   33.7 
  33.2   33.1   33.2   33.5   33.7 
  33.2   33.1   33.1   33.5   33.7 
  33.2   33.1   33.1   33.5   33.7 
  33.2   33.1   33.1   33.5   33.7 
  33.2   33.1   33.2   33.6   33.7 
  33.2   33.1   33.1   33.5   33.7 
  33.2   33.1   33.1   33.5   33.7 
  33.1   33.1   33.1   33.7   33.7 
  33.2   33.1   33.1   33.5   33.7 
  33.1   33.1   33.1   33.5   33.7 
  33.1   33.1   33.1   33.5   33.7 
  33.1   33.1   33.1   33.5   33.7 
  33.1   33.1   33.1   33.5   33.7 
  33.1   33.0   33.1   33.5   33.7 
  33.1   33.0   33.1   33.5   33.7 
  33.1   33.0   33.1   33.5   33.7 
  33.1   33.1   33.1   33.5   33.7 
  33.1   33.1   33.1   33.5   33.7 
  33.1   33.1   33.1   33.5   33.7 
  33.1   33.0   33.1   33.5   33.7 
  33.1   33.0   33.1   33.5   33.7 
  33.0   33.0   33.1   33.4   33.6 
  33.0   33.0   33.0   33.4   33.6 
  33.1   33.0   33.0   33.4   33.6 
  33.0   33.0   33.0   33.4   33.6 
  33.0   33.0   33.0   33.4   33.6 
  33.0   33.0   33.0   33.4   33.6 
  33.1   33.0   33.0   33.4   33.6 
  33.0   33.0   33.0   33.4   33.6 
  33.1   33.0   33.0   33.4   33.6 
  33.1   33.0   33.0   33.5   33.6 
  33.1   33.1   33.1   33.4   33.6 
  33.1   33.0   33.1   33.4   33.6 
  33.0   33.0   33.0   33.5   33.6 
  33.1   33.0   33.1   33.4   33.6 
  33.1   33.1   33.1   33.4   33.6 
  33.0   33.1   33.0   33.4   33.6 
  33.1   33.0   33.0   33.4   33.6 
  33.1   33.1   33.0   33.4   33.6 
  33.1   33.0   33.1   33.4   33.6 
  33.0   33.1   33.1   33.4   33.6 
  33.0   33.0   33.1   33.4   33.6 
  33.0   33.0   33.1   33.4   33.6 
  33.0   33.0   33.1   33.4   33.6 
  33.1   33.0   33.1   33.4   33.6 
  33.0   33.0   33.0   33.4   33.5 
  33.0   33.0   33.0   33.4   33.5 
  33.0   33.0   33.0   33.4   33.5 
  33.0   33.0   33.0   33.3   33.5 
  33.0   33.0   33.0   33.4   33.5 
  33.0   33.0   33.0   33.4   33.6 
  33.0   33.0   33.0   33.4   33.5 
  33.0   33.0   33.0   33.4   33.5 
  33.0   32.9   33.0   33.3   33.5 
  33.0   33.0   33.0   33.4   33.5 
  33.0   33.0   33.0   33.4   33.5 
  33.0   33.0   33.1   33.4   33.5 
  33.0   33.0   33.0   33.4   33.5 
  33.0   33.0   33.0   33.4   33.5 
  33.0   33.0   33.0   33.3   33.5 
  33.0   33.0   33.0   33.4   33.5 
  33.0   33.0   33.0   33.3   33.5 
  33.0   33.0   33.0   33.3   33.5 
  33.0   33.0   33.0   33.4   33.5 
  33.0   32.9   33.0   33.3   33.5 
  33.0   33.0   33.0   33.3   33.5 
  33.0   33.0   33.0   33.3   33.5 
  33.0   32.9   33.0   33.3   33.5 
  33.0   33.0   33.0   33.4   33.5 
  33.0   32.9   33.0   33.3   33.5 
  32.9   32.9   33.0   33.3   33.5 
  33.0   32.9   32.9   33.2   33.5 
  32.9   32.9   32.9   33.3   33.5 
  32.9   32.9   32.9   33.3   33.5 
  32.9   32.9   32.9   33.3   33.5 
  32.9   32.9   32.9   33.2   33.4 
  32.9   32.8   33.0   33.2   33.4 
  32.9   32.9   32.9   33.3   33.4 
  32.9   32.9   32.9   33.2   33.4 
  32.9   32.9   32.9   33.3   33.4 
  32.9   32.9   32.9   33.2   33.4 
  32.9   32.9   32.9   33.2   33.4 
  32.9   32.9   32.9   33.2   33.4 
  32.9   32.9   32.9   33.2   33.4 
  32.9   32.9   32.9   33.3   33.4 
  32.9   32.8   32.9   33.2   33.4 
  32.9   32.9   32.9   33.2   33.4 
  32.8   32.9   32.9   33.2   33.4 
  32.9   32.8   32.9   33.2   33.4 
  32.9   32.9   32.9   33.2   33.4 
  32.9   32.8   32.9   33.2   33.4 
  32.9   32.9   33.0   33.3   33.4 
  32.9   32.8   32.9   33.2   33.4 
  32.9   32.8   32.9   33.3   33.4 
  32.9   32.8   32.9   33.2   33.4 
  32.8   32.8   32.9   33.2   33.4 
  32.8   32.8   32.9   33.2   33.3 
  32.8   32.8   32.9   33.2   33.4 
  32.8   32.8   32.9   33.3   33.3 
  32.8   32.8   32.9   33.2   33.4 
  32.8   32.8   32.8   33.2   33.4 
  32.8   32.8   32.9   33.2   33.3 
  32.8   32.8   32.9   33.2   33.4 
  32.8   32.8   32.9   33.1   33.3 
  32.8   32.8   32.9   33.2   33.3 
  32.8   32.8   32.9   33.2   33.3 
  32.8   32.8   32.9   33.2   33.3 
  32.8   32.8   32.9   33.1   33.3 
  32.9   32.7   32.8   33.1   33.3 
  32.8   32.8   32.9   33.1   33.3 
  32.8   32.8   32.8   33.1   33.3 
  32.8   32.8   32.8   33.2   33.3 
  32.8   32.8   32.8   33.1   33.3 
  32.8   32.7   32.8   33.1   33.3 
  32.8   32.7   32.8   33.1   33.3 
  32.8   32.7   32.8   33.1   33.3 
  32.8   32.7   32.8   33.1   33.3 
  32.8   32.7   32.8   33.1   33.3 
  32.7   32.7   32.8   33.1   33.3 
  32.8   32.8   32.8   33.1   33.3 
  32.8   32.7   32.8   33.1   33.3 
  32.9   32.8   32.8   33.1   33.3 
  32.8   32.8   32.8   33.1   33.3 
  32.7   32.7   32.8   33.1   33.3 
  32.7   32.7   32.8   33.1   33.3 
  32.7   32.7   32.8   33.1   33.3 
  32.7   32.7   32.8   33.0   33.2 
  32.7   32.7   32.7   33.1   33.2 
  32.7   32.6   32.7   33.0   33.2 
  32.7   32.6   32.7   33.0   33.2 
  32.7   32.6   32.7   33.0   33.2 
  32.7   32.6   32.7   33.0   33.2 
  32.7   32.6   32.7   33.0   33.2 
  32.7   32.6   32.6   33.0   33.2 
  32.7   32.6   32.6   33.0   33.2 
  32.7   32.6   32.6   33.0   33.2 
  32.6   32.6   32.6   33.0   33.2 
  32.6   32.6   32.6   32.9   33.2 
  32.6   32.6   32.6   33.0   33.2 
  32.7   32.6   32.6   33.1   33.2 
  32.7   32.6   32.6   33.0   33.2 
  32.6   32.6   32.6   32.9   33.2 
  32.6   32.6   32.6   32.9   33.1 
  32.6   32.6   32.6   33.0   33.1 
  32.6   32.5   32.6   32.9   33.1 
  32.6   32.6   32.6   32.9   33.1 
  32.6   32.5   32.6   32.9   33.1 
  32.6   32.6   32.6   32.9   33.1 
  32.5   32.5   32.6   32.9   33.1 
  32.6   32.5   32.6   33.0   33.2 
  32.6   32.5   32.6   32.9   33.2 
  32.5   32.5   32.5   32.9   33.1 
  32.6   32.5   32.6   32.9   33.1 
  32.6   32.5   32.6   32.9   33.1 
  32.5   32.5   32.6   32.9   33.1 
  32.6   32.5   32.5   32.9   33.1 
  32.6   32.6   32.5   32.9   33.1 
  32.6   32.5   32.6   32.9   33.1 
  32.5   32.5   32.6   32.9   33.1 
  32.6   32.6   32.6   33.0   33.1 
  32.6   32.6   32.6   32.9   33.1 
  32.6   32.6   32.6   33.0   33.1 
  32.6   32.6   32.6   33.0   33.1 
  32.7   32.6   32.6   33.0   33.1 
  32.6   32.5   32.7   32.9   33.1 
  32.6   32.6   32.6   32.9   33.1 
  32.6   32.6   32.6   33.0   33.1 
  32.6   32.6   32.6   33.0   33.1 
  32.6   32.5   32.6   32.9   33.1 
  32.6   32.6   32.6   32.9   33.1 
  32.6   32.5   32.6   32.9   33.1 
