  33.1   33.4   34.3   37.5   41.9 
  33.3   33.5   34.3   38.0   42.1 
  33.2   33.5   34.2   37.9   42.2 
  32.9   33.5   34.4   38.0   42.6 
  33.1   33.5   34.3   38.0   42.8 
  33.2   33.8   34.7   38.5   42.9 
  33.4   33.6   34.6   38.4   43.1 
  33.3   33.6   34.7   38.6   43.4 
  33.4   33.8   34.9   38.7   43.6 
  33.5   33.8   34.8   38.8   43.7 
  33.5   33.9   34.9   38.9   43.9 
  33.5   33.8   34.8   39.1   44.2 
  33.6   33.8   35.0   39.3   44.1 
  33.5   33.9   35.1   39.3   44.6 
  33.6   33.9   35.1   39.4   44.9 
  33.3   34.1   35.1   39.5   45.2 
  33.7   34.1   35.1   39.6   45.2 
  33.7   34.0   35.4   39.9   45.5 
  33.8   34.1   35.4   39.9   45.6 
  33.8   34.2   35.5   39.6   45.7 
  33.8   34.2   35.6   40.4   46.1 
  33.7   34.4   35.6   40.4   46.3 
  33.9   34.4   35.6   40.8   46.4 
  33.9   34.5   35.8   40.6   46.6 
  34.0   34.5   35.8   40.8   46.6 
  34.1   34.6   36.0   40.9   46.8 
  33.9   34.6   35.9   41.0   47.1 
  34.2   35.0   35.9   41.4   47.3 
  34.1   34.8   36.2   41.2   47.4 
  34.2   34.8   36.3   41.5   47.7 
  34.2   34.8   36.6   41.4   47.7 
  34.4   34.9   36.4   41.7   48.1 
  34.3   35.1   36.3   41.9   48.1 
  34.5   35.1   36.5   42.0   48.2 
  34.6   35.1   36.6   42.0   48.6 
  34.6   35.2   36.7   42.2   48.7 
  34.7   35.3   36.8   42.2   49.0 
  34.8   35.2   36.8   42.7   49.4 
  34.8   35.4   37.0   42.8   49.2 
  34.9   35.4   37.1   43.0   49.4 
  34.8   35.9   37.2   43.1   49.8 
  35.0   35.7   37.2   43.1   49.9 
  34.7   35.7   37.3   43.4   49.9 
  35.2   35.8   37.4   43.3   50.0 
  35.1   35.7   37.3   43.1   50.0 
  35.3   35.9   37.5   43.6   50.6 
  35.3   36.1   37.7   43.8   50.8 
  35.5   36.3   38.0   44.1   51.1 
  35.6   36.4   37.8   44.2   51.1 
  35.6   36.6   38.7   44.5   51.4 
  35.6   36.3   38.1   44.4   51.4 
  35.7   36.4   38.3   44.6   51.6 
  35.7   36.6   38.3   44.5   51.8 
  35.8   36.6   38.4   44.8   51.9 
  35.8   36.5   38.6   44.3   52.2 
  35.9   36.8   38.6   45.0   52.2 
  35.9   36.8   38.6   45.1   52.1 
  36.0   36.9   38.7   45.1   52.6 
  36.1   37.0   38.7   45.4   52.8 
  36.1   37.1   38.9   45.6   53.1 
  36.3   37.1   38.9   45.7   53.1 
  36.3   37.2   38.9   45.7   53.2 
  36.4   37.0   39.0   45.8   53.5 
  36.5   37.3   39.0   45.8   53.6 
  36.6   37.6   39.0   46.0   53.8 
  36.6   37.3   39.2   46.1   53.9 
  36.6   37.4   39.2   46.1   53.8 
  36.7   37.8   39.3   46.2   54.1 
  36.7   37.7   39.2   46.2   54.2 
  36.7   37.7   39.2   46.3   54.7 
  36.9   37.7   39.3   46.4   54.5 
  36.9   37.7   39.3   46.7   54.5 
  37.0   37.8   39.5   46.9   54.8 
  37.0   37.8   39.5   46.9   54.8 
  37.4   38.0   39.7   46.9   55.1 
  37.0   37.9   39.7   47.2   55.3 
  37.2   37.8   39.9   47.4   55.4 
  37.3   38.4   39.9   47.6   55.7 
  37.4   38.4   40.2   47.9   55.9 
  37.7   38.6   40.3   47.9   55.7 
  37.7   38.8   40.5   48.3   56.2 
  37.6   38.8   40.6   48.5   56.0 
  37.9   38.7   41.1   48.5   56.7 
  37.7   38.9   40.8   48.3   56.8 
  37.8   38.9   40.8   48.6   57.0 
  37.9   39.0   40.7   48.7   57.1 
  37.9   39.1   40.8   49.0   57.3 
  38.0   39.1   41.0   48.8   57.3 
  38.3   38.9   41.1   49.1   57.6 
  38.3   39.2   41.1   49.4   57.8 
  38.3   39.3   41.0   49.6   57.9 
  38.3   39.4   41.2   49.6   58.1 
  38.5   39.5   41.4   49.9   58.3 
  38.6   39.6   41.1   50.2   58.4 
  38.8   39.8   41.6   50.3   58.6 
  38.8   40.0   41.8   50.4   58.6 
  38.9   40.0   42.0   50.4   58.9 
  38.9   40.2   42.2   50.7   58.8 
  39.2   40.4   42.3   50.8   58.8 
  39.0   40.4   42.5   51.0   59.3 
  39.4   40.2   42.6   51.0   59.4 
  39.4   40.6   42.5   51.1   59.8 
  39.5   40.3   42.7   51.2   59.8 
  39.5   40.4   42.8   51.5   60.1 
  39.5   40.7   42.8   51.4   59.9 
  39.6   40.8   42.9   51.5   60.3 
  39.8   40.8   43.0   51.5   60.5 
  39.7   41.5   43.4   51.5   60.6 
  39.9   41.0   43.1   51.9   60.6 
  39.8   41.1   43.3   52.2   60.8 
  39.7   41.1   43.3   52.2   61.0 
  39.9   41.4   43.4   52.3   61.3 
  40.2   41.2   43.4   52.3   61.2 
  40.0   41.4   43.3   52.1   61.3 
  40.2   41.4   43.4   52.5   61.0 
  40.2   41.5   43.4   52.3   61.3 
  40.2   41.4   43.4   52.2   61.5 
  40.2   41.6   43.4   52.3   61.9 
  40.4   41.5   43.3   52.3   61.7 
  40.4   41.6   43.5   52.5   62.8 
  40.5   41.7   43.5   52.6   61.9 
  40.6   41.6   43.5   52.8   61.9 
  40.7   41.8   43.5   52.8   62.1 
  40.9   41.9   43.6   52.9   62.3 
  41.0   42.2   43.5   52.9   62.4 
  41.0   42.1   43.8   53.3   62.4 
  41.1   42.3   44.1   53.6   62.6 
  41.2   42.3   44.2   53.6   62.8 
  41.4   42.2   44.2   53.6   63.0 
  40.9   42.3   43.9   53.5   63.2 
  41.2   42.5   44.3   53.8   63.2 
  41.2   42.5   44.2   53.8   63.2 
  41.2   42.7   44.4   53.6   63.4 
  41.4   42.6   44.3   53.6   63.4 
  41.5   42.7   44.4   53.9   63.6 
  41.5   42.6   44.3   53.8   63.6 
  41.6   42.7   44.3   53.6   63.8 
  41.4   42.6   44.4   53.9   63.8 
  41.5   42.8   44.5   54.2   63.6 
  41.6   42.9   44.4   54.4   63.8 
  41.7   42.9   44.5   54.4   63.8 
  41.6   42.9   44.6   53.9   64.3 
  41.8   43.0   44.6   54.5   64.7 
  41.9   43.3   44.8   54.7   64.5 
  42.0   43.3   44.8   54.8   64.7 
  42.0   43.4   45.0   54.8   64.3 
  42.2   43.5   45.0   55.0   64.5 
  42.3   43.5   45.0   54.8   64.9 
  42.2   43.7   45.0   55.1   64.9 
  42.5   43.7   45.1   55.3   64.7 
  42.6   43.7   45.2   55.4   65.3 
  42.6   43.7   45.2   55.7   65.5 
  42.6   43.8   45.6   55.7   65.5 
  42.7   43.9   45.7   56.2   65.9 
  42.8   43.9   45.8   56.0   66.1 
  42.8   43.7   45.8   56.2   66.1 
  42.8   44.2   46.0   56.3   66.1 
  42.8   44.4   46.0   56.3   66.3 
  42.9   44.3   46.0   56.3   67.0 
  42.9   44.4   46.2   56.5   66.3 
  43.0   44.5   46.2   56.7   66.5 
  43.1   44.6   46.2   56.7   66.5 
  42.9   44.5   46.1   56.7   66.3 
  43.3   44.5   46.3   56.8   67.0 
  43.4   44.8   46.4   56.8   67.0 
  43.4   44.8   46.4   56.7   67.0 
  43.4   44.5   46.4   56.3   67.0 
  43.4   44.8   46.3   57.5   67.4 
  43.6   44.9   46.6   57.1   67.4 
  43.7   45.1   46.6   57.1   67.6 
  43.8   45.2   46.8   57.3   67.6 
  44.1   45.0   46.9   57.5   67.6 
  44.1   45.5   46.9   57.6   68.0 
  44.2   45.6   47.1   57.8   67.8 
  44.3   45.6   47.3   58.1   68.0 
  44.4   46.0   47.3   58.3   67.8 
  44.4   45.8   47.6   58.6   68.2 
  44.5   46.0   47.8   58.6   68.0 
  44.6   46.1   47.9   58.8   68.0 
  44.8   46.2   47.9   58.9   68.5 
  44.9   46.3   48.2   59.3   68.7 
  44.9   46.3   48.3   59.3   68.7 
  45.0   45.8   48.5   59.4   68.9 
  44.9   46.4   48.6   59.4   69.1 
  44.8   46.4   48.6   59.6   68.7 
  44.9   46.4   48.7   59.6   69.3 
  45.1   46.6   48.7   59.6   69.3 
  45.0   46.6   48.6   59.1   69.6 
  45.2   46.6   48.7   59.3   69.6 
  45.5   46.7   48.8   59.9   69.8 
  45.5   46.9   48.8   59.4   70.0 
  45.6   47.1   48.8   59.8   70.0 
  45.6   47.2   48.8   59.9   70.0 
  45.7   47.1   48.8   59.8   70.0 
  45.6   46.8   49.0   59.9   70.5 
  45.7   47.2   49.0   59.9   70.3 
  45.6   47.2   49.1   60.1   70.7 
  45.8   47.3   49.1   60.5   70.7 
  46.0   47.6   49.4   60.8   70.9 
  46.1   47.7   49.6   61.0   71.4 
  46.6   47.7   49.8   60.8   70.9 
  46.4   47.9   49.4   61.0   70.5 
  46.4   48.2   50.0   61.0   71.2 
  46.7   48.2   50.2   61.2   71.4 
  46.8   48.3   50.2   61.2   71.4 
  46.8   48.5   50.2   61.2   71.4 
  46.9   48.6   49.9   61.0   71.7 
  46.8   48.3   50.0   61.0   71.4 
  46.8   48.3   50.0   60.8   71.4 
  46.7   48.1   49.8   60.3   71.4 
  46.6   48.1   49.5   60.3   71.4 
  46.6   47.8   49.0   60.3   71.4 
  46.3   47.8   49.1   60.3   71.7 
  46.4   47.7   49.1   60.1   72.6 
  46.3   47.8   49.0   60.3   71.7 
  46.4   47.8   49.0   60.3   71.7 
  46.6   47.7   49.1   60.5   71.7 
  46.6   47.9   49.0   60.5   71.9 
  46.7   48.2   49.2   60.1   71.9 
  46.7   47.9   49.0   60.6   72.4 
  46.7   48.1   49.1   60.5   72.1 
  46.8   48.2   49.4   60.6   72.1 
  46.8   48.2   49.2   60.8   72.1 
  46.9   48.1   49.2   61.0   71.9 
  46.9   48.2   49.4   61.2   72.4 
  46.9   48.3   49.4   61.5   72.6 
  46.9   48.2   49.2   61.0   72.6 
  46.9   48.3   49.4   61.3   72.6 
  46.9   48.3   49.5   61.2   72.6 
  47.1   48.5   49.6   61.3   72.4 
  47.7   48.3   49.8   61.2   73.1 
  47.3   48.6   49.8   61.9   73.1 
  47.3   48.7   49.8   62.3   73.1 
  47.6   49.0   50.2   62.6   73.1 
  47.7   49.1   50.4   63.0   73.4 
  48.1   49.2   50.6   63.0   73.6 
  47.8   49.4   50.6   63.0   74.2 
  47.9   49.5   50.7   63.4   73.9 
  47.9   49.5   50.7   63.2   74.2 
  47.8   49.5   50.7   63.2   74.4 
  48.1   49.6   50.8   63.4   74.2 
  48.1   49.6   50.8   63.4   74.4 
  48.2   49.5   51.8   63.4   74.4 
  48.1   49.6   51.1   63.4   74.7 
  48.2   49.6   51.2   63.8   74.7 
  48.3   49.8   51.4   63.6   74.9 
  48.3   49.9   51.4   63.8   74.4 
  48.2   49.8   51.6   63.9   74.9 
  48.5   49.9   51.6   63.9   75.2 
  48.5   50.0   51.9   63.8   75.2 
  48.6   50.2   52.1   64.1   75.2 
  48.7   50.2   52.1   63.9   75.5 
  48.7   50.3   52.1   64.1   75.5 
  48.7   50.2   52.2   64.1   75.5 
  48.8   50.3   52.1   64.1   75.5 
  48.7   50.0   52.2   64.3   75.5 
  48.6   50.0   52.1   64.3   74.9 
  48.6   50.3   52.1   64.1   75.7 
  49.0   50.3   52.2   64.3   75.7 
  48.7   50.3   52.1   64.5   76.0 
  48.7   50.4   52.2   64.5   75.7 
  49.0   50.6   52.2   64.5   76.0 
  49.0   50.6   52.2   64.3   76.3 
  49.0   50.6   52.2   64.3   76.3 
  49.0   50.6   52.1   64.3   76.0 
  49.0   50.4   52.1   64.3   76.3 
  49.0   50.4   52.2   64.5   76.3 
  48.8   50.6   51.9   64.5   76.3 
  49.0   50.6   52.1   64.3   76.3 
  49.2   50.7   51.9   64.7   76.3 
  49.0   50.4   52.1   64.9   76.6 
  49.2   50.7   52.1   65.3   76.6 
  49.5   51.0   52.3   65.3   76.6 
  49.8   51.5   52.8   65.7   76.9 
  50.0   51.5   52.9   65.9   77.1 
  50.0   51.6   53.1   66.3   77.1 
  50.3   51.8   53.5   66.3   77.1 
  50.6   52.1   53.6   66.7   77.4 
  50.7   52.1   53.9   66.5   77.7 
  51.2   52.3   54.2   66.7   77.7 
  50.8   52.6   54.1   66.7   78.0 
  51.1   52.8   54.7   67.0   78.0 
  50.8   52.9   55.0   67.2   78.0 
  51.1   52.9   55.0   67.4   78.0 
  51.1   52.8   54.8   67.2   78.0 
  50.8   52.8   54.7   67.0   78.3 
  50.8   52.6   54.8   66.7   78.3 
  50.6   52.5   54.7   66.5   78.3 
  50.4   52.2   54.2   66.3   78.3 
  50.2   52.2   54.1   66.5   78.3 
  50.4   52.2   54.1   66.5   78.6 
  50.7   52.3   54.2   66.7   78.3 
  50.8   52.6   54.4   67.0   78.3 
  51.0   52.9   54.7   67.4   78.6 
  51.5   52.9   55.0   67.6   78.6 
  51.5   53.2   55.0   67.8   78.6 
  51.6   53.3   55.0   67.8   79.2 
  51.6   53.3   55.1   67.8   78.9 
  51.5   53.3   55.0   67.6   79.2 
  51.8   53.2   54.8   67.4   79.2 
  51.4   53.1   54.7   67.2   78.9 
  51.4   53.1   54.5   67.2   78.9 
  51.5   52.9   54.4   67.0   79.2 
  51.5   52.8   54.2   67.0   78.9 
  51.5   52.8   54.2   67.0   79.2 
  51.4   52.8   54.2   67.2   79.2 
  51.4   52.8   54.1   67.0   79.2 
  51.2   52.9   54.1   67.0   79.2 
  51.4   52.9   53.8   67.2   79.5 
  51.4   52.8   54.1   67.0   78.9 
  51.1   52.8   54.1   67.0   79.2 
  51.1   52.8   53.8   66.5   79.2 
  51.1   52.6   53.8   66.7   79.2 
  51.1   52.8   53.6   65.9   79.2 
  51.1   52.8   53.8   66.5   79.5 
  51.2   52.9   53.8   66.3   79.2 
  51.2   52.8   53.8   67.0   79.5 
  50.8   52.6   53.6   66.5   79.2 
  51.2   52.6   53.8   67.0   79.2 
  51.2   52.8   53.8   67.2   79.2 
  51.4   52.9   53.8   67.0   79.5 
  51.4   52.8   53.8   67.2   79.2 
  51.6   53.1   53.8   67.2   79.5 
  51.6   53.1   54.1   67.8   79.5 
  51.5   53.2   54.1   67.4   79.2 
  51.6   53.2   54.2   67.6   79.8 
  51.6   53.3   54.4   67.6   80.1 
  51.8   53.5   54.2   67.8   79.8 
  51.9   53.3   54.4   67.8   80.1 
  51.9   53.5   54.4   68.0   80.1 
  51.9   53.3   54.5   68.0   80.4 
  51.6   53.3   54.5   68.0   80.4 
  52.1   53.5   54.5   68.0   80.7 
  52.1   53.5   54.7   68.0   80.7 
  51.9   53.5   54.8   67.8   80.7 
  51.8   53.3   54.7   67.8   80.4 
  51.6   53.6   54.5   67.8   80.4 
  51.6   53.3   54.2   67.8   80.4 
  51.8   53.3   54.2   67.8   80.4 
  51.9   53.3   54.4   68.0   80.7 
  51.9   53.5   54.5   68.0   80.4 
  51.5   53.3   54.2   68.0   80.7 
  51.9   54.1   54.2   68.2   80.7 
  51.8   53.6   54.2   68.0   80.7 
  52.1   53.6   54.4   68.0   80.7 
  51.9   53.6   54.4   68.2   80.7 
  52.1   53.6   54.4   68.2   81.0 
  52.1   53.8   54.7   68.5   81.0 
  52.2   53.9   54.5   68.7   81.0 
  52.2   53.8   54.8   68.9   81.0 
  52.3   54.1   54.8   68.9   81.0 
  52.8   54.2   55.1   69.1   81.4 
  52.9   54.5   55.1   69.1   81.7 
  52.9   54.4   55.4   69.3   81.7 
  52.8   54.7   55.6   69.3   81.7 
  52.8   54.8   55.6   69.1   82.3 
  52.9   54.8   55.6   69.6   82.0 
  53.1   54.8   55.9   69.3   82.0 
  53.2   54.4   55.7   69.8   82.0 
  53.2   54.8   55.9   69.8   81.7 
  53.5   54.8   56.0   69.8   82.0 
  53.3   54.7   55.9   69.6   81.7 
  53.3   54.8   55.7   69.6   82.0 
  53.5   54.8   56.0   69.6   82.0 
  53.5   55.0   56.0   70.0   82.0 
  53.3   54.8   56.2   70.0   82.3 
  53.3   54.8   56.5   70.5   82.3 
  53.6   55.3   56.8   70.5   82.3 
  53.6   55.3   56.8   70.9   82.3 
  53.8   55.3   57.0   71.2   82.7 
  53.8   55.4   57.1   70.9   82.7 
  53.9   55.4   57.0   71.2   82.7 
  53.6   55.1   56.8   70.9   83.0 
  53.6   55.3   56.7   70.7   83.0 
  53.8   55.3   56.7   70.7   82.7 
  53.8   55.6   56.8   70.7   83.0 
  53.5   55.3   57.0   71.2   83.0 
  53.5   55.4   56.8   70.9   83.3 
  53.6   55.4   56.7   70.9   82.7 
  53.6   55.4   57.0   70.7   83.0 
  53.8   55.4   56.8   71.2   83.0 
  53.6   55.7   56.8   70.9   83.0 
  53.8   55.6   56.8   70.7   83.3 
  53.8   55.6   56.8   70.7   83.0 
  53.8   55.9   56.5   70.5   83.0 
  53.6   55.4   56.5   70.5   83.3 
  53.8   55.4   56.5   70.5   82.7 
  53.6   55.4   56.5   70.3   83.0 
  53.8   55.4   56.7   70.5   83.0 
  53.8   55.6   56.5   70.5   83.0 
  53.9   55.6   56.5   70.0   83.3 
  53.8   55.6   56.7   70.5   83.0 
  53.8   55.6   56.7   70.7   83.3 
  53.9   55.6   56.5   70.7   83.0 
  53.8   55.7   56.7   70.7   83.3 
  53.9   55.7   56.7   70.5   83.7 
  53.8   55.7   56.8   70.5   83.3 
  53.9   55.9   56.7   70.7   83.3 
  54.1   55.7   56.7   70.9   83.7 
  54.1   55.9   56.8   71.2   83.3 
  54.1   56.0   56.8   71.2   83.7 
  54.2   55.9   56.8   70.9   83.7 
  54.4   56.0   57.0   70.7   83.7 
  54.4   55.7   56.8   71.2   83.7 
  54.5   55.9   57.0   71.2   83.7 
  54.5   56.0   57.1   71.4   83.7 
  54.7   55.9   57.1   71.4   83.7 
  54.7   56.2   56.5   71.4   83.7 
  54.5   56.0   57.0   71.2   83.3 
  54.5   56.0   56.8   70.9   83.7 
  54.5   56.0   57.0   71.4   84.0 
  54.7   55.9   57.3   70.9   83.7 
  54.5   56.2   57.0   71.2   84.0 
  54.4   56.2   57.0   71.4   84.0 
  54.4   56.0   57.0   71.2   84.0 
  54.2   55.9   57.1   71.2   84.0 
  54.4   56.0   57.0   71.2   84.0 
  54.4   56.0   57.3   71.2   84.4 
  54.1   56.7   57.1   71.2   84.4 
  54.4   55.9   57.1   71.2   84.4 
  54.4   56.0   56.8   71.4   84.7 
  54.4   56.2   57.1   71.2   84.0 
  54.4   55.9   57.0   70.9   84.0 
  54.2   55.9   56.8   70.9   84.4 
  54.4   56.0   57.0   70.9   84.0 
  54.2   56.0   56.8   70.9   84.4 
  54.4   56.0   56.8   70.9   84.0 
  54.4   55.6   57.5   71.2   84.4 
  54.1   55.9   57.0   70.9   84.4 
  54.1   55.7   57.0   71.4   84.4 
  54.2   55.9   57.0   71.7   84.4 
  54.4   56.0   57.1   71.7   84.4 
  53.9   56.2   57.3   71.9   85.1 
  54.5   56.3   57.5   72.1   84.4 
  54.5   56.2   57.6   72.4   84.7 
  54.5   56.3   57.8   72.6   85.1 
  55.0   56.7   57.9   72.6   85.1 
  55.1   56.8   58.1   72.9   85.1 
  55.0   56.5   57.9   72.6   85.1 
  55.0   56.7   57.9   72.4   85.1 
  55.0   56.8   58.1   72.9   85.5 
  54.8   56.8   57.9   72.9   85.1 
  55.0   56.8   58.1   72.9   85.5 
  54.7   56.8   58.3   72.1   85.5 
  54.5   56.3   57.6   72.1   85.5 
  54.5   56.5   57.8   71.9   85.5 
  54.5   56.3   57.3   71.9   85.1 
  54.7   56.5   57.6   72.1   85.5 
  54.5   56.5   57.6   71.9   85.8 
  54.5   56.7   57.5   71.9   85.1 
  54.7   56.7   57.5   71.9   85.5 
  54.8   56.5   58.1   72.1   85.1 
  54.7   56.5   57.5   71.9   85.5 
  54.7   56.5   57.3   71.9   85.5 
  54.8   56.5   57.3   72.1   85.5 
  55.1   56.5   57.1   72.1   85.5 
  55.1   56.8   57.3   72.4   85.5 
  55.3   56.8   57.8   72.6   85.8 
  55.4   56.8   57.8   73.1   85.5 
  55.3   56.7   57.6   72.9   85.5 
  55.9   56.7   57.8   72.9   85.8 
  55.3   56.8   57.8   73.1   85.5 
  55.4   57.0   57.8   72.9   85.8 
  55.1   57.0   58.1   72.9   85.8 
  55.3   56.8   58.1   73.1   85.8 
  55.3   57.1   58.1   73.1   85.8 
  55.1   57.1   58.3   73.4   85.1 
  55.3   57.3   58.4   73.1   85.8 
  55.4   57.3   58.6   73.6   85.5 
  55.6   57.5   58.8   73.6   85.8 
  55.7   57.6   58.6   73.9   86.2 
  55.9   57.6   58.8   73.4   86.2 
  55.7   57.5   58.8   73.4   85.8 
  55.7   57.6   58.8   73.6   85.8 
  55.9   57.6   58.9   73.9   86.2 
  55.9   57.8   58.9   73.6   86.6 
  55.7   57.8   58.6   73.1   86.2 
  55.7   57.6   58.8   73.1   86.2 
  55.6   57.6   58.8   73.1   86.2 
  56.0   57.6   58.8   73.1   85.8 
  55.9   57.6   58.8   72.6   85.8 
  56.0   57.6   58.8   73.6   85.8 
  56.0   57.6   58.8   73.9   86.2 
  56.0   57.6   58.8   73.6   86.6 
  56.0   57.5   58.8   73.9   86.2 
  55.9   57.3   58.6   73.4   86.2 
  56.0   57.5   58.8   73.6   86.2 
  56.0   57.5   58.8   73.9   86.6 
  55.9   57.5   58.6   73.6   86.6 
  56.0   57.6   58.6   73.6   86.2 
  56.0   57.1   58.6   73.6   86.9 
  55.6   57.5   58.6   73.6   86.6 
  56.0   57.5   58.4   73.6   86.6 
  55.7   57.6   58.3   73.6   86.9 
  56.0   57.8   58.4   73.9   86.9 
  56.0   57.8   58.6   73.6   86.9 
  56.0   57.9   58.8   73.9   86.9 
  56.2   57.9   58.8   73.9   87.3 
  55.9   57.9   58.8   73.6   86.9 
  56.3   57.8   58.8   73.9   87.7 
  56.3   58.1   58.8   73.6   87.3 
  56.2   57.9   58.4   73.6   87.3 
  56.2   57.9   58.6   73.6   86.9 
  56.0   58.3   58.6   73.6   87.3 
  56.3   58.3   58.8   73.9   86.9 
  55.7   58.3   58.9   73.9   87.3 
  56.2   58.3   59.1   74.4   87.3 
  56.3   58.3   59.6   74.7   87.7 
  56.5   58.6   59.6   74.7   87.3 
  56.3   58.9   59.9   74.9   87.7 
  56.8   59.1   59.9   74.9   87.7 
  57.0   59.1   59.9   74.9   87.7 
  56.8   58.8   59.8   74.7   87.7 
  56.7   58.8   59.9   75.5   87.7 
  56.3   58.6   59.8   74.4   87.7 
  56.2   58.4   59.6   74.4   87.7 
  56.5   58.4   59.3   74.4   87.7 
  56.5   58.3   59.6   73.6   87.3 
  56.2   58.1   59.4   74.2   87.3 
  56.2   57.9   59.4   74.4   87.7 
  56.3   58.1   59.3   74.4   87.3 
  56.5   58.3   59.3   74.4   86.6 
  56.5   58.3   59.3   74.7   87.7 
  56.8   58.4   59.4   74.7   88.1 
  56.8   58.8   59.6   74.9   88.1 
  56.8   58.8   59.8   74.9   88.1 
  57.0   58.8   59.8   74.9   88.1 
  57.1   58.9   59.8   74.9   88.1 
  57.1   59.1   59.9   74.9   88.1 
  57.5   59.4   60.1   75.2   88.1 
  57.5   59.4   60.1   74.9   88.1 
  57.5   59.3   60.5   75.5   88.5 
  57.3   59.3   60.5   75.5   88.5 
  57.3   59.3   60.3   75.7   88.5 
  57.3   59.3   60.5   75.7   88.5 
  57.3   59.3   60.5   75.7   88.9 
  57.6   59.6   60.6   76.0   88.9 
  57.6   59.8   61.0   76.0   89.3 
  57.9   59.8   61.2   76.0   88.9 
  57.9   59.9   61.5   76.6   89.3 
  58.1   59.9   61.3   76.9   89.7 
  58.1   60.5   61.9   77.1   89.7 
  58.3   60.5   62.3   76.3   89.3 
  58.4   60.6   62.4   77.1   89.3 
  58.6   60.6   61.9   77.1   89.7 
  58.6   60.8   62.8   77.4   89.7 
  58.8   60.8   63.0   77.4   89.7 
  58.9   61.0   63.2   77.4   89.7 
  59.1   61.0   63.2   77.4   90.1 
  59.1   61.2   63.4   77.7   89.7 
  59.3   61.3   63.4   77.7   90.1 
  59.3   61.5   63.8   78.0   90.1 
  59.3   61.3   63.8   78.0   89.7 
  59.3   61.5   63.9   78.0   90.1 
  59.1   61.5   63.8   78.0   90.1 
  59.3   61.5   63.9   78.0   90.1 
  59.3   61.3   64.1   78.0   89.7 
  59.3   61.0   63.8   78.0   90.1 
  59.1   61.0   63.6   77.4   90.6 
  58.6   60.8   63.6   76.6   90.1 
  58.6   60.8   63.4   77.4   90.6 
  58.6   60.5   62.4   77.1   90.1 
  58.3   60.6   62.6   76.9   90.1 
  58.3   60.1   62.3   76.3   90.1 
  58.1   59.9   61.9   76.3   89.7 
  58.1   59.9   61.7   76.3   90.1 
  57.9   59.9   61.5   76.0   89.7 
  57.9   59.9   61.3   76.3   90.1 
  57.9   59.4   61.3   76.0   90.1 
  57.9   59.8   61.0   75.7   90.1 
  57.5   59.8   60.6   75.2   89.3 
  57.6   59.3   60.6   75.2   89.7 
  57.6   59.3   60.5   75.5   89.7 
  57.6   59.4   60.1   76.3   88.9 
  57.5   59.3   59.9   75.2   89.7 
  57.5   59.3   59.9   75.7   89.3 
  57.6   59.3   59.9   75.7   89.7 
  57.6   59.4   59.8   76.0   89.3 
  57.6   59.3   59.8   75.7   89.7 
  57.5   59.3   59.8   75.7   89.7 
  57.5   59.1   59.8   75.7   90.1 
  57.6   59.3   59.9   75.7   89.3 
  57.5   59.1   59.9   75.7   89.3 
  57.5   59.3   59.8   75.7   89.3 
  57.3   58.9   59.8   75.7   89.7 
  57.3   59.3   59.8   76.0   89.3 
  57.1   58.9   59.4   75.7   89.3 
  57.3   59.1   59.4   75.7   89.7 
  57.3   58.8   59.3   75.7   89.7 
  57.1   59.1   59.4   75.7   89.7 
  56.7   58.9   59.4   76.0   89.7 
  57.1   58.9   59.4   76.0   89.7 
  57.3   58.8   59.3   75.7   90.6 
  57.3   58.9   59.3   75.7   90.1 
  57.3   58.9   59.3   75.7   90.1 
  57.5   58.9   59.3   76.0   90.1 
  57.5   58.8   60.1   76.0   90.1 
  57.5   59.3   59.6   76.0   90.1 
  57.6   59.4   59.8   76.3   91.0 
  57.9   59.4   59.9   77.1   90.1 
  58.1   59.8   60.1   77.1   90.6 
  58.1   59.9   60.5   77.1   90.6 
  58.3   60.3   60.8   77.4   90.6 
  58.4   60.5   61.0   77.1   91.0 
  58.4   60.3   61.0   77.1   91.0 
  58.6   60.5   61.0   77.4   91.0 
  58.6   60.3   61.2   77.1   90.6 
  58.6   60.5   61.3   77.4   90.6 
  58.6   60.5   61.5   78.0   91.0 
  58.6   60.5   61.5   77.7   91.0 
  58.8   60.5   61.7   77.7   91.0 
  58.8   60.5   61.7   78.0   91.4 
  58.6   60.5   61.7   77.7   91.4 
  58.1   60.8   61.9   77.7   92.3 
  58.9   60.3   61.7   77.7   91.0 
  58.6   60.5   61.5   76.6   91.4 
  58.6   60.3   61.7   77.1   91.4 
  58.4   59.8   61.5   77.1   91.0 
  58.6   60.5   61.5   77.7   91.4 
  58.6   60.5   61.9   77.4   89.7 
  58.8   60.8   61.9   78.0   91.4 
  58.8   60.8   61.9   77.4   91.4 
  59.3   61.2   62.3   78.0   91.4 
  59.1   61.2   62.3   78.3   91.4 
  59.1   61.2   62.4   78.3   91.9 
  58.9   61.0   61.9   78.0   91.4 
  58.9   61.0   61.9   77.7   91.4 
  58.9   60.8   61.9   77.4   91.4 
  58.8   60.8   61.7   77.1   91.4 
  59.1   61.0   61.9   77.1   91.4 
  58.8   61.2   61.7   77.7   91.4 
  59.3   61.3   61.9   78.6   91.4 
  59.1   61.2   61.9   77.7   91.4 
  59.1   61.2   61.9   77.4   91.4 
  59.3   61.0   61.7   77.7   91.4 
  59.4   61.3   61.9   78.0   91.4 
  59.6   61.5   62.1   78.3   91.4 
  59.9   61.7   62.4   78.6   91.4 
  60.1   61.9   62.8   78.6   91.4 
  60.3   62.1   62.8   78.9   91.4 
  60.3   62.4   63.2   78.9   91.4 
  60.3   62.6   63.6   79.2   91.9 
  60.5   62.4   63.6   79.2   91.9 
  60.1   62.3   63.6   79.2   91.9 
  60.1   62.1   63.6   79.5   91.9 
  59.8   61.9   63.4   78.9   91.9 
  59.8   62.4   63.4   78.9   91.9 
  59.9   61.5   63.8   78.6   92.3 
  60.1   61.9   63.4   78.9   92.3 
  60.1   62.1   63.8   78.6   91.9 
  60.1   62.1   63.6   79.2   91.9 
  60.1   61.9   63.8   79.2   91.9 
  60.1   61.9   63.6   78.9   92.3 
  59.9   61.9   63.4   78.9   91.9 
  60.1   61.7   63.2   78.9   92.8 
  60.1   61.7   63.2   78.9   92.3 
  60.1   62.1   63.4   79.2   92.8 
  59.9   61.9   63.2   78.9   92.3 
  60.1   61.9   63.2   78.6   92.3 
  59.8   61.7   62.8   78.6   92.8 
  59.8   61.5   62.6   78.3   91.9 
  59.6   61.5   62.6   78.3   92.3 
  59.6   61.5   62.3   78.3   91.9 
  59.4   61.3   62.1   78.0   91.9 
  59.3   61.2   61.5   77.7   91.9 
  59.4   61.0   61.5   77.7   92.3 
  59.3   61.0   61.5   77.4   91.9 
  59.3   61.0   61.3   77.4   91.9 
  59.3   60.8   61.3   77.4   91.9 
  59.1   60.8   61.2   77.4   91.4 
  59.1   60.8   61.2   77.1   91.9 
  59.1   60.8   61.2   77.4   91.9 
  59.1   60.8   61.2   77.4   91.4 
  59.1   60.8   61.2   76.6   91.9 
  59.1   60.8   61.2   77.4   91.4 
  59.1   60.8   61.0   77.1   91.9 
  58.8   60.3   60.8   77.4   91.9 
  58.9   60.3   60.6   77.4   91.4 
  58.9   60.8   60.8   77.7   91.9 
  59.1   60.8   61.0   78.6   91.4 
  59.1   60.8   61.0   77.7   91.9 
  59.1   60.6   61.0   78.0   91.9 
  59.1   60.8   60.6   77.7   92.3 
  59.1   60.8   61.0   77.7   91.9 
  59.1   60.8   60.5   77.7   92.3 
  59.1   60.8   60.8   78.0   92.3 
  59.3   60.8   61.0   78.0   92.3 
  59.3   61.2   61.0   78.3   92.3 
  59.4   61.2   61.2   78.6   91.9 
  59.4   61.0   61.2   78.0   92.8 
  59.6   61.2   61.2   78.0   92.3 
  59.4   61.0   61.2   78.0   92.3 
  59.4   61.2   61.0   78.0   92.3 
  59.6   61.2   61.0   78.0   92.3 
  59.4   61.3   61.2   78.0   92.8 
  59.4   61.3   61.3   78.3   92.8 
  59.4   61.3   61.5   78.0   92.8 
  59.6   61.3   61.2   78.0   92.8 
  59.6   61.2   61.2   78.0   92.8 
  59.6   61.2   60.8   77.7   92.8 
  59.6   61.3   61.0   77.7   92.3 
  59.6   61.2   60.8   77.7   92.3 
  59.6   61.2   60.6   77.7   91.4 
  59.6   61.0   60.8   77.7   92.8 
  59.6   61.0   60.8   77.4   92.8 
  59.6   61.2   60.8   77.7   92.8 
  59.6   61.0   60.8   77.7   92.3 
  59.8   61.2   61.0   78.0   92.3 
  59.8   61.3   60.6   78.0   92.8 
  59.8   61.3   61.2   78.3   92.8 
  59.6   61.5   61.2   78.0   92.3 
  59.6   61.3   61.2   78.3   91.9 
  59.6   61.3   61.2   78.0   92.8 
  59.4   61.5   61.2   77.7   92.3 
  59.6   61.5   61.2   77.7   92.3 
  59.6   61.3   61.2   77.7   92.8 
  59.6   61.3   61.0   77.4   92.8 
  59.6   61.3   61.0   77.7   92.3 
  59.4   61.3   61.0   77.7   92.3 
  59.4   61.2   60.8   77.7   92.3 
  59.3   61.2   60.8   77.7   92.3 
  59.4   61.2   61.0   77.7   92.3 
  59.4   61.2   61.0   77.7   92.3 
  59.4   61.2   61.0   78.0   92.8 
  59.4   61.0   61.0   77.7   92.3 
  59.4   61.0   61.2   78.0   92.3 
  59.3   61.0   61.2   78.0   92.3 
  59.4   61.2   61.3   78.0   92.3 
  59.4   61.0   61.7   78.0   92.3 
  59.4   61.0   61.9   78.0   92.3 
  59.4   61.2   61.2   78.0   92.3 
  59.3   61.3   61.2   78.0   92.3 
  59.3   61.0   61.3   78.3   92.3 
  59.4   61.2   61.5   78.0   92.3 
  59.6   60.6   61.5   78.0   92.3 
  59.6   61.3   61.5   78.3   92.3 
  59.4   61.3   61.5   78.3   92.3 
  59.4   61.2   61.5   78.0   92.3 
  59.4   61.3   61.7   78.3   92.3 
  59.6   61.3   61.7   78.6   92.3 
  59.8   61.5   62.1   78.6   93.2 
  59.8   61.3   62.1   78.6   92.8 
  59.9   61.5   62.3   78.9   92.8 
  59.6   61.7   62.4   79.2   93.2 
  59.6   61.5   62.6   79.2   93.2 
  59.9   61.7   62.4   78.9   93.2 
  59.9   61.7   62.6   78.9   93.2 
  59.9   61.7   62.4   78.9   92.8 
  59.9   61.9   62.3   79.2   93.2 
  60.1   61.9   62.4   78.9   93.2 
  60.1   61.9   62.4   79.2   93.7 
  60.1   61.9   62.8   79.5   93.7 
  60.3   62.1   63.0   79.5   93.2 
  60.3   62.4   63.2   79.5   93.2 
  60.6   62.4   63.2   79.8   93.7 
  60.5   62.8   63.6   79.5   93.7 
  60.6   62.8   63.6   80.1   93.7 
  60.8   62.8   63.9   80.1   93.7 
  60.6   62.8   63.8   80.1   93.7 
  60.6   62.6   63.8   79.8   93.7 
  60.5   62.6   63.6   80.1   93.2 
  60.6   62.3   63.2   79.8   93.7 
  60.3   62.3   63.4   79.8   93.7 
  60.1   62.1   63.2   79.5   93.7 
  60.1   62.1   63.0   79.5   93.7 
  60.1   62.1   63.0   79.8   93.7 
  60.3   62.1   62.8   80.1   94.2 
  59.9   62.1   63.0   79.8   94.2 
  60.1   62.1   62.4   80.1   94.2 
  60.1   61.9   62.8   79.8   93.7 
  59.9   61.7   62.4   79.5   93.7 
  59.9   61.9   62.4   79.5   93.7 
  59.8   61.7   62.4   79.2   93.2 
  59.6   61.5   62.1   78.9   93.7 
  59.6   61.5   61.9   78.9   93.7 
  59.6   61.5   61.9   79.2   93.7 
  59.6   61.5   61.7   79.2   93.2 
  59.8   61.5   61.9   79.2   93.2 
  59.6   61.5   61.9   78.9   93.2 
  59.6   61.5   61.7   78.9   93.2 
  59.6   61.5   61.7   78.9   93.2 
  59.4   61.5   61.5   78.0   93.2 
  59.4   61.3   61.7   78.6   93.2 
  59.3   61.5   61.5   78.3   93.2 
  59.3   61.7   61.3   78.0   93.2 
  59.6   61.3   61.3   78.0   93.2 
  59.4   61.3   61.3   78.3   93.2 
  59.6   61.5   61.3   78.3   93.2 
  59.6   61.5   61.5   78.3   93.2 
  59.8   61.7   61.7   78.3   93.2 
  59.9   61.7   61.9   79.2   93.7 
  59.9   61.9   62.1   79.2   93.2 
  59.9   61.9   62.3   78.9   93.2 
  59.8   61.5   62.1   78.6   93.2 
  59.6   61.5   62.1   78.6   93.2 
  59.8   61.9   61.9   78.6   92.8 
  59.9   61.5   61.0   78.6   92.8 
  59.8   61.3   61.5   78.3   92.8 
  59.8   61.3   61.5   78.3   92.8 
  59.6   61.5   61.5   78.3   92.8 
  59.6   61.7   61.3   78.6   93.2 
  59.9   61.5   61.2   78.6   92.8 
  59.9   61.7   61.3   78.6   93.2 
  59.9   61.7   61.5   78.6   93.2 
  59.9   61.7   61.5   78.3   93.2 
  59.9   61.5   61.5   78.3   92.8 
  59.9   61.7   61.5   78.0   93.2 
  59.8   61.7   61.3   78.3   92.8 
  59.9   61.7   61.5   78.6   93.2 
  59.6   61.7   61.3   78.6   92.8 
  59.6   61.5   61.3   78.3   92.8 
  59.8   61.2   61.5   78.6   92.8 
  59.8   61.7   61.3   78.9   93.2 
  59.9   61.9   61.7   79.2   93.2 
  60.1   61.9   62.1   78.9   93.2 
  60.1   61.9   61.5   78.6   93.2 
  60.3   61.9   61.7   78.9   93.7 
  60.1   62.1   61.9   78.0   93.2 
  59.9   61.9   62.1   79.5   93.2 
  59.8   61.9   62.3   79.8   93.2 
  59.9   61.9   61.9   79.2   93.7 
  59.6   62.1   62.3   79.2   93.7 
  59.9   62.1   62.3   79.5   93.7 
  60.1   61.9   62.4   79.8   93.7 
  60.1   61.9   62.4   79.8   94.2 
  59.9   62.1   62.8   79.8   93.7 
  60.1   62.1   62.6   82.3   94.2 
  60.1   62.4   63.4   80.7   94.2 
  60.5   62.6   63.8   80.4   94.2 
  60.5   62.6   63.6   80.1   93.7 
  60.3   62.4   63.6   80.1   94.2 
  60.3   62.4   63.4   80.1   93.7 
  60.5   62.6   63.6   79.8   93.7 
  60.8   63.0   63.6   80.1   93.7 
  60.8   63.0   63.8   79.2   94.2 
  61.0   63.2   63.4   80.1   94.2 
  61.2   63.2   63.8   80.7   94.2 
  61.2   63.4   63.9   80.4   94.2 
  61.3   63.4   63.9   80.4   94.2 
  61.3   63.6   64.1   80.7   94.6 
  61.5   63.6   64.3   80.4   94.6 
  61.7   63.8   64.7   80.7   94.6 
  61.9   63.9   64.9   81.0   94.2 
  61.7   63.9   64.9   81.0   94.6 
  61.7   63.9   65.1   81.4   95.1 
  61.7   63.6   65.1   81.4   95.1 
  61.3   63.6   65.1   81.0   95.1 
  61.9   63.8   65.1   81.4   95.1 
  61.9   63.8   65.3   81.0   95.1 
  61.5   63.8   65.3   81.7   95.6 
  61.5   63.8   65.3   81.0   95.1 
  61.7   63.6   65.3   81.0   95.1 
  61.5   63.6   65.5   81.0   95.1 
  61.5   63.8   65.1   80.7   95.1 
  61.5   63.2   65.1   81.0   95.1 
  61.0   63.4   64.9   81.0   95.1 
  61.2   63.4   64.7   80.7   95.1 
  61.2   63.2   64.9   80.7   94.6 
  61.0   63.2   64.3   80.4   95.1 
  61.0   63.0   63.9   80.4   95.1 
  60.6   62.8   63.9   79.5   95.1 
  60.8   62.6   63.8   79.8   94.6 
  60.5   62.6   63.6   79.5   94.6 
  60.5   62.3   63.0   79.5   94.6 
  60.5   62.4   63.0   79.5   94.6 
  60.3   62.3   62.8   79.2   93.7 
  60.3   62.3   62.6   79.2   94.2 
  59.9   61.9   62.4   78.9   93.2 
  60.1   61.9   62.3   78.9   93.7 
  60.1   61.5   62.1   78.9   93.2 
  59.9   61.7   61.7   78.9   94.2 
  59.9   61.5   61.7   78.9   93.7 
  59.8   61.7   61.9   79.2   94.2 
  59.9   61.9   62.1   79.5   94.2 
  60.3   62.1   62.3   79.8   93.2 
  60.5   62.3   62.1   79.8   94.2 
  60.8   62.6   63.0   80.4   94.2 
  60.8   62.8   63.0   80.7   94.2 
  60.8   63.0   63.6   80.7   94.6 
  60.8   62.8   63.4   80.7   94.6 
  61.0   63.0   63.4   80.4   94.6 
  60.8   62.8   63.4   80.1   94.6 
  61.0   62.6   63.4   79.8   94.6 
  60.8   63.0   63.4   80.1   94.6 
  60.8   63.0   63.2   80.1   94.6 
  60.6   62.8   63.4   80.1   94.6 
  60.6   62.6   63.2   79.8   94.2 
  60.5   62.4   63.2   79.8   94.2 
  60.6   62.4   63.2   80.1   94.2 
  60.6   62.4   62.8   79.2   94.2 
  60.3   62.4   62.6   79.5   94.2 
  60.3   62.4   62.6   79.8   94.2 
  60.5   62.4   62.6   79.5   94.2 
  60.3   62.3   62.4   79.5   94.2 
  60.3   62.3   62.4   79.2   94.2 
  60.3   62.3   62.3   79.5   93.7 
  60.1   62.1   62.3   79.2   93.7 
  60.5   62.3   62.1   78.9   94.2 
  60.1   62.1   62.1   79.2   93.7 
  60.1   61.7   61.9   78.9   94.2 
  60.1   62.1   61.9   78.6   93.7 
  60.1   61.9   61.5   78.6   93.7 
  59.9   61.7   61.7   78.9   93.7 
  59.9   61.7   61.3   79.2   93.7 
  59.8   61.7   61.7   78.9   94.2 
  59.8   61.7   61.5   78.9   93.7 
  59.9   61.7   61.5   78.3   93.7 
  59.9   61.7   61.5   78.6   93.7 
  59.8   61.7   61.7   79.2   94.2 
  59.8   61.9   61.7   79.2   94.2 
  59.9   62.1   61.9   78.9   94.2 
  59.6   61.9   61.7   78.9   94.2 
  59.9   61.7   61.7   78.9   93.7 
  59.8   61.9   61.5   79.2   93.7 
  60.1   61.9   61.7   78.9   93.7 
  60.1   62.1   61.9   79.2   92.8 
  60.5   62.4   61.9   79.5   93.7 
  60.5   62.6   62.3   79.5   94.2 
  60.5   62.8   62.3   79.5   94.2 
  60.5   62.6   62.1   79.2   93.7 
  60.5   62.6   62.1   78.6   93.7 
  60.5   62.6   61.9   78.9   93.7 
  60.3   62.3   61.7   78.9   93.7 
  60.1   62.3   61.3   79.2   94.2 
  60.3   61.9   61.7   78.6   93.7 
  60.3   62.3   61.7   78.9   93.7 
  60.1   61.9   61.9   78.6   93.7 
  60.1   61.9   61.7   78.9   93.7 
  59.9   61.9   61.5   78.9   93.7 
  60.1   61.9   61.5   78.9   93.7 
  59.9   61.9   61.7   78.6   93.7 
  59.8   61.7   61.3   79.2   93.7 
  59.9   61.7   61.5   78.3   93.7 
  59.8   61.5   61.5   78.6   93.2 
  59.6   61.5   61.7   78.3   93.2 
  59.6   61.3   61.5   78.6   93.2 
  59.3   61.3   61.3   78.6   93.2 
  59.6   61.3   61.3   78.6   93.2 
  59.3   61.3   61.3   78.3   93.2 
  59.4   61.2   61.2   78.6   93.2 
  59.4   61.0   60.8   78.3   93.2 
  59.3   61.2   60.8   76.9   93.2 
  59.3   60.8   60.8   78.0   93.2 
  58.8   60.8   60.6   78.0   92.8 
  58.9   60.8   60.8   78.0   93.2 
  59.1   60.6   60.6   78.3   93.7 
  58.9   60.6   60.6   78.3   92.8 
  58.9   60.6   60.6   78.3   92.8 
  59.1   60.8   60.8   78.3   92.8 
  59.3   61.0   60.8   78.3   92.8 
  59.4   61.0   61.0   78.0   93.2 
  59.6   61.2   61.0   78.3   93.2 
  59.8   61.5   61.2   78.6   93.2 
  59.8   61.3   61.2   78.3   93.2 
  59.8   61.5   61.3   78.3   93.2 
  59.9   61.7   61.5   78.6   93.2 
  59.9   61.7   61.5   78.9   93.2 
  60.1   62.3   61.7   79.5   93.2 
  60.5   62.4   62.1   80.1   93.7 
  60.6   62.6   62.3   80.1   94.2 
  60.8   63.0   62.6   80.1   93.7 
  61.0   63.2   63.0   80.7   93.7 
  61.0   63.6   63.2   80.4   93.7 
  61.3   63.4   63.8   79.8   94.2 
  61.2   63.6   63.9   81.0   94.2 
  61.5   63.8   64.3   81.4   94.6 
  61.5   63.6   64.3   81.4   94.6 
  61.5   63.9   64.7   82.0   94.6 
  61.5   63.8   64.7   81.4   95.1 
  61.3   63.6   64.5   81.0   95.1 
  61.2   63.0   64.1   80.7   94.6 
  61.2   63.0   64.1   80.7   94.6 
  61.5   63.2   64.5   81.0   95.1 
  61.7   63.4   64.7   81.7   95.1 
  61.7   63.6   64.9   81.7   95.6 
  61.9   64.1   65.3   82.0   94.6 
  61.9   64.1   65.7   82.0   95.1 
  62.1   64.1   65.9   82.3   95.1 
  61.9   64.3   65.9   82.0   95.1 
  62.3   64.3   66.1   82.3   95.6 
  62.3   64.5   66.3   82.3   95.6 
  62.4   64.9   66.7   82.3   95.6 
  62.3   64.7   66.7   82.7   95.6 
  62.1   64.5   66.7   82.3   95.1 
  61.9   64.3   66.5   82.3   95.6 
  61.7   63.9   66.1   82.0   95.6 
  61.9   63.9   66.1   81.7   95.1 
  61.9   63.8   65.7   81.0   95.6 
  61.7   63.6   65.5   81.7   95.6 
  61.5   63.8   65.5   81.0   95.1 
  61.5   63.4   64.9   81.0   95.6 
  61.3   62.8   64.7   81.4   95.1 
  61.7   63.4   64.7   81.7   95.6 
  61.7   63.6   64.9   82.0   95.6 
  61.7   63.6   64.9   81.7   95.6 
  61.7   63.8   64.9   81.7   96.1 
  61.7   63.8   65.1   81.4   95.6 
  61.7   63.6   64.9   81.7   95.6 
  61.5   63.6   64.9   81.4   95.1 
  61.7   63.4   64.9   81.4   95.6 
  61.3   63.6   64.9   81.4   95.6 
  61.5   63.4   64.9   81.4   96.1 
  61.3   63.2   64.7   81.0   95.6 
  61.3   62.6   64.1   80.7   95.6 
  61.2   62.8   64.5   80.7   95.1 
  61.2   62.8   63.9   80.4   95.1 
  61.2   62.8   64.1   80.4   95.1 
  61.3   63.0   63.9   80.7   95.1 
  61.0   63.0   63.9   80.4   95.1 
  61.0   63.0   63.9   80.4   95.1 
  61.0   62.8   63.8   80.4   95.1 
  60.8   62.6   63.6   80.1   94.6 
  60.1   62.4   63.4   79.8   95.1 
  60.3   62.3   63.0   79.8   94.2 
  60.1   62.1   62.6   79.5   94.6 
  60.1   62.1   62.4   79.5   93.7 
  60.1   62.1   61.9   79.8   94.6 
  60.1   62.1   61.5   78.9   94.6 
  60.3   62.1   62.1   79.5   94.2 
  60.5   62.3   62.1   79.5   94.2 
  60.3   62.1   62.3   79.5   94.2 
  60.5   62.4   62.4   79.8   94.6 
  60.8   62.6   62.6   80.1   94.6 
  61.0   63.0   63.0   80.7   94.6 
  61.0   63.0   63.0   81.0   95.1 
  60.8   63.0   63.6   80.7   95.1 
  60.6   62.6   63.0   79.8   95.1 
  60.5   62.6   63.0   80.1   95.1 
  60.3   62.6   63.2   80.4   94.6 
  61.0   62.8   63.4   80.4   94.6 
  61.0   62.8   63.6   80.7   95.1 
  61.2   63.2   63.9   81.4   94.6 
  61.0   64.5   64.3   81.7   95.1 
  61.2   63.8   64.3   81.7   95.1 
  61.9   63.9   64.7   81.7   95.1 
  62.1   63.9   64.9   82.0   95.1 
  62.3   64.3   65.1   82.0   95.1 
  62.4   64.3   65.5   82.0   95.1 
  62.4   64.7   65.7   82.3   95.6 
  62.4   64.5   65.7   82.3   95.6 
  62.4   64.5   65.7   82.0   96.6 
  62.4   64.5   65.5   82.0   95.6 
  62.4   64.3   65.3   82.0   95.6 
  62.4   64.5   65.5   81.4   96.1 
  62.3   64.1   65.1   81.7   96.1 
  62.3   64.1   65.3   81.7   95.6 
  62.3   64.1   65.3   82.0   95.6 
  62.1   64.1   65.1   81.7   96.1 
  61.9   63.8   64.7   81.7   95.6 
  61.9   63.8   64.7   81.7   95.6 
  61.7   63.6   64.5   81.4   96.1 
  61.7   63.6   64.5   81.7   95.6 
  61.5   63.6   64.3   81.4   96.1 
  61.7   63.4   64.1   81.4   95.6 
  61.3   63.4   64.3   81.4   95.6 
  61.7   63.4   64.3   81.4   96.1 
  61.7   63.6   64.3   81.7   96.1 
  61.9   63.8   64.1   81.4   95.6 
  62.1   64.3   64.5   82.3   96.1 
  62.1   64.5   64.3   82.3   96.1 
  62.1   64.5   64.9   82.0   96.1 
  62.3   64.3   65.1   82.0   96.6 
  61.9   63.9   64.7   81.7   96.1 
  61.7   63.6   64.3   81.4   96.1 
  61.5   63.6   64.5   81.4   96.6 
  61.9   63.6   63.9   81.0   95.6 
  61.3   63.2   63.8   80.7   95.6 
  61.0   63.2   63.8   80.4   95.1 
  61.5   63.4   63.8   81.0   95.6 
  61.7   63.4   63.9   81.4   95.6 
  61.7   63.6   63.9   81.4   95.6 
  61.9   63.8   63.9   81.4   95.6 
  61.9   63.8   64.3   81.4   95.6 
  62.3   63.9   64.5   82.0   96.1 
  62.3   64.1   64.3   82.0   95.6 
  62.3   64.1   64.1   81.4   96.1 
  62.4   64.5   64.7   81.7   95.6 
  62.6   64.7   64.9   81.4   96.1 
  62.6   64.7   64.7   82.0   95.6 
  62.4   64.7   64.7   82.0   95.6 
  62.6   64.3   64.3   81.0   95.1 
  62.4   64.7   64.5   81.0   95.6 
  62.4   64.3   64.3   80.7   96.1 
  62.1   64.1   64.3   80.4   95.6 
  62.1   63.9   64.1   80.7   95.6 
  62.1   63.8   64.1   80.7   95.6 
  61.9   63.9   63.9   80.4   95.1 
  61.3   63.8   63.8   80.1   95.1 
  61.3   63.4   63.4   79.5   95.1 
  61.3   63.2   62.6   79.8   94.6 
  61.0   63.0   62.6   79.8   94.6 
  61.2   62.8   62.8   80.1   94.6 
  60.8   62.8   62.6   80.4   95.1 
  61.0   62.8   62.4   80.1   94.6 
  61.0   62.8   62.4   80.1   95.1 
  61.0   62.8   62.4   80.1   94.6 
  60.8   62.8   62.4   80.4   95.1 
  61.2   63.0   62.4   80.4   95.6 
  61.3   63.0   62.6   80.7   95.1 
  61.5   63.6   62.8   80.7   95.1 
  61.7   63.2   63.0   81.0   95.1 
  61.9   63.4   63.0   81.4   96.6 
  61.9   63.8   63.4   81.7   95.6 
  62.1   63.8   63.9   82.0   95.6 
  62.1   63.9   63.9   82.0   96.1 
  62.3   63.9   64.1   82.0   96.1 
  62.3   64.1   63.9   81.7   96.1 
  62.3   64.1   63.9   81.7   96.1 
  62.3   63.9   63.9   81.4   96.1 
  61.9   63.9   63.9   81.7   95.6 
  61.9   63.8   63.8   81.4   96.1 
  61.7   63.8   63.9   81.4   96.1 
  61.9   63.6   63.6   81.0   96.1 
  61.7   63.6   63.6   80.7   95.6 
  61.7   63.4   63.4   81.4   95.6 
  61.5   63.6   63.4   81.4   95.6 
  61.7   63.8   63.8   81.4   95.6 
  61.9   63.8   63.8   81.0   95.6 
  61.7   63.8   63.8   81.4   96.1 
  61.9   63.6   63.9   81.4   95.6 
  61.9   63.9   64.1   81.7   96.1 
  61.7   63.8   63.9   81.7   96.6 
  61.5   63.8   64.1   81.4   96.1 
  61.7   63.6   64.1   81.7   96.1 
  61.7   63.8   64.1   81.4   95.1 
  61.3   63.0   64.1   81.4   95.6 
  61.5   63.6   63.8   81.0   95.6 
  61.2   63.2   63.8   80.7   95.1 
  61.3   63.0   63.4   80.4   95.1 
  60.8   62.8   62.8   80.4   95.1 
  60.8   62.8   63.0   79.8   95.1 
  60.8   62.6   62.8   80.4   94.6 
  60.6   62.6   62.6   80.4   94.2 
  60.8   62.4   62.6   80.1   95.1 
  60.6   62.6   62.4   80.1   95.1 
  60.6   62.4   62.4   80.1   95.1 
  60.6   62.4   62.3   80.1   95.1 
  60.6   62.4   62.3   80.1   95.1 
  60.6   62.6   62.3   80.4   94.6 
  60.6   62.4   62.3   80.4   95.1 
  60.6   62.6   62.3   80.4   95.1 
  60.8   62.4   62.3   80.4   94.6 
  61.0   62.8   62.3   80.4   95.1 
  61.0   62.8   62.4   80.4   95.6 
  60.8   63.0   62.4   80.7   95.1 
  61.0   63.0   62.6   80.7   95.1 
  60.8   63.0   62.6   81.0   95.6 
  61.2   63.0   62.8   81.0   95.6 
  61.2   63.0   62.8   81.0   95.1 
  61.0   63.4   62.8   81.0   95.1 
  61.0   63.0   62.8   81.0   95.1 
  61.2   62.6   62.8   81.0   95.6 
  61.2   62.8   63.0   81.4   95.6 
  61.3   62.8   62.8   81.0   95.6 
  61.0   63.0   63.0   81.0   95.1 
  61.2   63.2   63.0   81.0   95.1 
  61.3   63.2   63.2   81.0   95.1 
  61.3   63.4   63.4   81.4   95.6 
  61.5   63.2   63.2   81.4   95.6 
  61.7   63.4   63.8   81.7   96.1 
  61.7   63.6   63.4   81.7   96.6 
  61.7   63.8   63.8   81.7   96.6 
  61.7   63.6   63.8   81.7   96.1 
  61.7   63.4   63.6   81.7   96.1 
  61.7   63.4   63.8   81.7   95.6 
  61.7   63.4   63.6   81.7   95.6 
  61.5   63.4   63.8   81.4   94.6 
  61.5   63.2   63.6   81.4   95.6 
  61.5   63.0   63.4   80.4   97.1 
  61.2   63.2   63.4   81.4   95.6 
  61.3   63.2   63.2   81.4   96.1 
  61.3   63.2   63.6   81.0   96.1 
  61.3   63.4   63.6   80.7   96.1 
  61.5   63.6   63.4   81.4   96.1 
  61.3   63.4   63.6   81.7   96.1 
  61.5   63.6   63.8   81.7   96.1 
  61.3   63.8   63.8   81.4   96.1 
  61.9   64.1   64.1   82.0   96.1 
  62.4   64.5   64.7   82.3   96.1 
  62.3   64.5   64.9   82.3   96.1 
  62.4   64.7   65.1   82.3   96.1 
  62.1   64.5   65.1   82.3   96.1 
  62.4   64.3   64.9   82.7   96.6 
  62.3   64.3   64.9   82.3   96.6 
  62.3   64.3   64.9   82.3   96.1 
  62.1   64.1   64.7   82.3   96.6 
  62.1   63.9   64.5   82.0   96.1 
  61.7   63.8   64.3   81.7   96.1 
  61.5   63.6   64.1   81.7   96.6 
  61.5   63.6   64.1   82.0   96.6 
  61.5   63.6   64.3   82.0   96.6 
  61.7   63.8   64.5   82.3   96.1 
  61.9   63.6   64.5   82.3   96.6 
  61.9   63.9   64.9   82.3   96.6 
  61.7   63.8   64.7   82.3   96.6 
  62.1   64.3   65.1   82.7   97.1 
  62.1   64.1   65.1   83.0   96.1 
  62.1   63.9   65.1   82.3   97.1 
  62.3   64.1   65.1   82.7   97.1 
  61.9   64.1   64.9   82.3   96.6 
  61.9   63.9   64.7   82.0   97.1 
  61.7   63.9   64.5   82.0   96.6 
  61.7   63.9   64.9   81.7   96.6 
  61.7   63.9   64.7   81.7   96.6 
  61.9   63.9   64.7   82.0   96.6 
  61.9   63.9   64.9   82.3   96.6 
  61.7   63.8   64.7   82.0   96.6 
  61.7   63.8   64.3   81.7   96.1 
  61.7   63.8   64.1   82.0   96.1 
  61.3   63.4   64.1   81.7   96.1 
  61.7   63.6   63.9   81.7   96.1 
  61.5   63.4   63.8   81.4   96.1 
  61.7   63.4   63.8   81.7   96.6 
  61.7   63.8   63.8   82.0   95.6 
  61.9   63.6   63.8   81.7   96.6 
  61.9   63.8   63.9   82.0   96.6 
  61.9   63.8   63.9   82.0   96.6 
  62.1   63.6   63.8   81.7   96.1 
  61.5   63.8   64.1   82.0   96.6 
  61.7   63.9   64.3   82.3   96.6 
  61.9   63.9   64.3   82.3   96.6 
  62.3   64.3   64.7   82.3   96.6 
  62.3   64.3   64.5   82.0   97.1 
  62.1   64.3   64.7   82.0   97.1 
  62.1   63.9   64.3   81.4   96.6 
  62.1   64.1   64.3   81.4   96.6 
  62.1   64.1   64.1   81.4   96.6 
  61.9   63.9   63.9   81.0   96.6 
  62.1   63.8   63.8   80.7   96.1 
  61.9   63.6   63.6   80.7   96.1 
  61.7   63.8   63.6   80.7   95.6 
  62.1   63.8   63.6   81.0   96.1 
  61.9   63.9   63.4   80.7   96.1 
  62.1   64.1   63.6   81.0   96.1 
  61.9   64.1   63.8   81.0   96.1 
  62.1   64.1   63.8   81.0   95.6 
  61.7   63.9   63.9   81.0   96.1 
  62.1   63.6   63.8   81.0   96.1 
  61.9   63.8   63.8   81.0   95.6 
  61.7   63.8   63.8   81.0   96.1 
  61.9   63.8   63.6   81.0   96.1 
  62.1   63.8   63.8   81.0   96.1 
  62.1   63.9   63.8   81.4   96.1 
  61.9   63.9   63.9   81.7   96.1 
  62.3   63.9   64.3   82.0   96.1 
  62.4   64.1   64.3   82.0   96.1 
  62.4   64.1   64.5   82.0   96.1 
  62.4   64.1   64.5   81.7   96.1 
  62.1   63.9   64.3   81.7   96.1 
  62.4   63.8   63.9   81.4   96.1 
  62.8   63.8   64.1   81.7   96.1 
  62.1   63.8   63.6   81.7   96.1 
  61.9   63.6   63.6   81.0   96.1 
  61.9   63.6   63.6   81.0   95.6 
  61.7   63.6   63.6   81.0   95.6 
  61.5   63.4   63.6   81.0   96.1 
  61.5   63.4   63.2   81.0   96.1 
  61.5   63.2   63.4   81.0   95.6 
  61.3   62.8   62.8   81.0   95.6 
  61.3   63.0   63.2   81.4   96.1 
  61.5   63.2   62.8   81.0   95.6 
  61.5   63.2   63.2   81.4   96.1 
  61.5   63.4   63.2   81.4   95.1 
  61.7   63.4   63.4   81.4   96.6 
  61.7   63.6   63.4   82.0   96.6 
  62.1   63.8   63.8   82.0   97.1 
  62.3   63.8   63.6   82.0   96.6 
  62.1   63.9   63.9   82.3   96.6 
  62.4   63.9   63.9   82.3   96.6 
  62.3   64.1   64.1   82.7   96.6 
  61.9   64.1   64.3   82.7   96.6 
  62.6   64.3   64.5   82.7   97.1 
  62.6   64.1   64.5   82.3   97.1 
  62.3   64.1   64.9   82.3   96.6 
  62.4   63.9   64.9   82.3   96.6 
  62.3   63.9   64.7   82.0   96.6 
  62.3   63.9   63.8   81.4   96.6 
  62.1   63.8   64.1   81.7   96.1 
  61.9   63.8   63.9   81.7   96.6 
  61.7   63.8   63.8   81.4   96.1 
  61.7   63.6   63.6   81.4   96.1 
  61.7   63.6   63.6   81.4   96.1 
  61.7   63.8   63.6   81.4   96.1 
  62.1   63.2   63.8   81.4   95.6 
  61.7   63.6   63.8   81.4   96.1 
  61.7   63.8   63.6   81.4   96.1 
  61.9   63.9   63.8   81.4   96.1 
  61.7   63.6   63.4   81.7   96.1 
  61.7   63.8   63.6   81.4   96.1 
  61.9   63.8   63.6   81.7   96.1 
  61.9   63.4   63.4   81.7   96.1 
  61.9   63.6   63.8   82.0   96.1 
  61.9   63.8   63.8   81.7   96.6 
  61.7   63.8   63.8   81.7   96.6 
  61.9   63.8   63.8   82.0   96.1 
  62.1   63.9   63.9   82.0   96.6 
  62.1   63.8   63.9   82.0   96.6 
  62.1   63.9   64.1   82.3   96.6 
  62.1   64.1   63.9   82.3   96.6 
  62.3   64.1   64.3   82.3   96.6 
  62.3   64.1   64.3   82.3   96.6 
  61.5   64.3   63.9   82.3   96.6 
  62.3   64.3   64.5   82.7   97.1 
  62.3   64.3   64.1   82.3   97.1 
  62.4   64.3   64.5   82.3   96.6 
  62.1   64.5   64.5   82.3   97.1 
  62.4   64.5   64.5   82.7   96.1 
  62.6   64.7   63.9   82.7   96.6 
  62.6   64.7   64.5   82.7   97.1 
  62.6   64.5   64.5   82.7   96.6 
  62.6   63.9   64.1   82.3   97.1 
  62.6   64.5   64.7   82.7   97.1 
  62.6   64.5   64.5   82.7   97.1 
  62.6   64.5   64.5   82.3   96.6 
  62.3   64.5   64.5   82.0   97.1 
  62.4   64.3   64.3   82.3   96.6 
  62.4   64.5   64.3   82.0   96.6 
  62.4   64.3   64.3   82.0   96.6 
  62.4   64.3   64.3   82.3   96.6 
  62.3   64.3   64.1   82.3   96.6 
  62.3   64.1   64.1   82.0   96.6 
  62.3   64.1   64.1   81.7   96.6 
  62.3   63.9   64.1   81.7   96.6 
  62.3   63.9   64.1   81.7   96.6 
  62.1   63.9   63.9   81.4   96.6 
  62.1   63.9   63.8   81.7   96.1 
  62.1   63.8   63.6   81.4   96.6 
  62.3   63.8   63.8   81.0   96.1 
  62.1   63.9   63.6   81.7   96.1 
  61.9   63.8   63.8   81.4   96.6 
  61.9   63.9   63.8   82.0   96.1 
  62.1   63.8   63.4   81.7   96.6 
  61.9   63.9   63.6   82.0   96.6 
  61.9   63.9   63.8   82.3   96.6 
  62.1   63.9   63.8   82.3   97.1 
  61.7   63.9   63.9   82.0   96.6 
  62.1   63.9   64.1   82.3   97.1 
  62.3   64.1   63.9   82.0   96.6 
  62.4   64.3   64.1   82.0   96.6 
  62.4   64.3   64.3   82.3   96.6 
  62.4   64.3   64.7   82.0   96.6 
  62.4   64.5   64.5   82.0   96.1 
  62.6   64.3   64.5   82.3   96.1 
  62.6   64.5   64.7   82.3   96.6 
  62.4   64.5   64.7   82.3   96.6 
  62.6   64.7   64.9   82.7   96.1 
  62.6   64.7   65.1   82.7   96.6 
  62.4   64.9   65.1   82.3   96.6 
  62.4   64.5   64.9   82.3   97.1 
  62.6   64.3   64.9   82.7   96.6 
  62.4   64.1   64.9   82.7   96.6 
  62.3   64.3   65.1   82.7   96.6 
  62.4   64.3   65.3   82.3   97.1 
  62.4   64.5   65.5   83.3   97.1 
  62.4   64.7   65.5   83.3   96.6 
  62.4   64.7   66.1   83.3   97.1 
  62.4   64.7   65.9   83.7   97.1 
  62.4   64.5   65.9   83.3   97.1 
  62.6   64.7   65.9   83.3   97.1 
  62.8   64.9   65.9   83.3   97.7 
  63.0   64.9   65.7   83.7   97.1 
  63.0   65.1   66.3   83.7   97.1 
  63.2   65.1   66.1   83.3   97.1 
  63.2   65.1   66.1   83.7   97.7 
  63.4   65.1   66.1   83.3   97.7 
  63.4   65.3   66.3   83.3   97.7 
  63.6   65.5   65.9   83.3   97.7 
  63.6   65.5   66.1   83.7   96.6 
  63.6   65.5   66.1   83.3   97.7 
  63.6   65.5   66.1   83.3   97.7 
  63.6   65.7   66.1   83.7   97.1 
  63.4   65.5   66.1   83.3   97.7 
  63.4   65.1   65.3   83.0   97.7 
  63.2   64.7   65.9   83.3   97.7 
  63.0   65.3   65.7   83.0   97.7 
  62.8   65.1   65.7   83.3   97.7 
  63.0   64.9   65.7   83.0   98.2 
  63.0   65.1   65.5   83.0   97.7 
  63.0   65.1   65.5   83.3   97.7 
  63.0   65.1   65.7   83.0   97.7 
  63.2   65.1   65.7   83.0   97.7 
  63.4   65.3   65.9   83.3   97.7 
  62.8   65.3   65.9   83.3   97.7 
  63.6   65.5   66.1   83.3   97.7 
  63.8   65.5   66.1   83.3   97.7 
  63.4   65.7   66.3   83.3   97.7 
  63.4   65.7   66.1   83.3   97.7 
  63.6   65.5   66.3   83.7   97.7 
  63.6   65.7   66.5   83.3   97.1 
  63.6   65.7   66.5   83.7   97.7 
  63.6   65.3   66.3   83.3   97.7 
  63.8   65.7   66.5   83.7   97.7 
  63.8   65.7   66.5   83.7   97.7 
  63.8   65.7   66.5   83.3   97.7 
  63.6   65.5   66.5   83.7   97.7 
  63.6   65.9   66.3   83.0   97.7 
  63.6   65.5   66.5   83.3   97.7 
  63.0   66.1   66.3   83.7   97.7 
  63.6   65.9   66.5   84.0   97.1 
  63.8   65.7   66.1   83.3   97.7 
  63.6   65.7   66.3   83.7   98.2 
  63.4   65.5   66.3   83.7   97.7 
  63.6   65.5   66.5   83.7   98.2 
  63.6   65.5   66.5   83.7   97.7 
  63.6   65.5   66.3   83.7   97.7 
  63.6   65.3   66.3   83.7   97.1 
  63.6   65.3   66.1   83.3   97.7 
  63.4   65.5   66.1   83.3   97.7 
  63.4   65.3   65.9   83.0   97.7 
  63.4   65.5   65.7   83.0   97.7 
  63.4   65.1   65.7   83.0   97.1 
  63.8   65.1   65.7   83.0   97.7 
  63.2   65.3   65.5   82.7   97.7 
  63.2   65.1   65.3   82.3   97.7 
  63.2   65.3   65.3   83.0   97.1 
  63.2   65.3   65.1   82.7   97.7 
  63.2   65.1   65.1   82.7   97.7 
  63.2   64.9   65.1   82.7   97.7 
  63.2   64.9   64.9   83.0   97.1 
  63.0   64.9   64.9   83.0   97.1 
  63.0   64.7   64.9   82.7   97.7 
  62.8   64.7   64.9   82.7   97.7 
  63.0   64.7   64.7   82.7   97.1 
  62.6   64.9   64.9   83.0   97.1 
  63.2   65.1   65.3   83.3   97.7 
  63.2   65.3   65.5   83.3   97.1 
  63.2   65.1   65.3   83.3   97.7 
  62.6   64.9   65.1   83.0   97.7 
  63.0   64.7   65.1   83.0   97.7 
  62.6   64.7   65.1   82.7   97.7 
  62.6   64.5   64.5   81.4   97.7 
  62.6   64.5   64.7   82.3   97.1 
  62.4   64.3   64.5   82.7   97.1 
  62.6   64.3   64.1   82.7   97.1 
  62.4   64.1   64.7   82.7   97.1 
  62.4   64.3   64.5   82.3   97.1 
  62.6   64.3   64.3   82.3   97.7 
  62.6   64.3   64.3   82.7   97.1 
  62.6   64.3   64.1   82.3   96.6 
  62.4   64.1   64.1   82.3   97.7 
  62.4   64.3   64.3   82.3   97.7 
  62.8   64.5   63.9   82.3   97.1 
  62.4   64.1   63.9   82.0   96.6 
  62.6   64.3   63.9   81.7   96.6 
  62.4   64.1   63.8   82.0   97.1 
  62.6   64.3   63.9   81.7   97.7 
  62.6   64.5   64.1   82.0   96.6 
  62.8   64.5   63.8   82.0   96.6 
  62.6   64.3   63.9   81.7   96.6 
  62.3   63.9   63.9   81.7   96.6 
  62.4   64.3   64.1   81.7   96.6 
  62.6   64.5   64.3   81.7   97.7 
  62.6   64.5   64.1   81.4   96.6 
  62.4   64.5   64.3   81.7   96.6 
  62.4   64.7   64.1   81.7   96.6 
  62.4   64.5   64.3   81.7   96.6 
  62.4   64.5   64.3   81.7   97.1 
  62.4   64.5   64.5   82.0   97.1 
  62.4   64.5   64.5   82.0   97.1 
  62.3   64.5   64.3   82.0   96.6 
  62.3   64.5   64.3   81.7   97.1 
  62.3   64.1   64.1   81.7   96.1 
  62.1   63.9   63.9   81.4   96.6 
  61.9   63.9   63.8   81.7   96.1 
  62.1   63.9   63.8   81.7   96.6 
  61.7   63.8   63.8   81.7   96.1 
  61.9   63.9   63.8   82.0   96.1 
  61.9   63.9   63.8   81.7   96.6 
  61.7   63.8   63.4   81.7   96.6 
  61.9   63.8   63.4   81.4   96.6 
  61.7   63.6   63.2   81.4   97.1 
  61.7   63.6   63.2   81.4   96.1 
  61.7   63.6   63.0   81.4   96.1 
  61.7   63.6   63.2   81.4   96.1 
  61.9   63.6   63.2   81.4   96.1 
  61.7   63.6   63.0   81.7   96.1 
  61.7   63.6   63.2   81.7   96.1 
  61.2   63.4   63.2   81.4   96.6 
  61.7   63.8   63.8   81.7   96.1 
  61.7   63.4   63.2   82.0   96.6 
  61.9   63.8   63.6   82.0   96.6 
  61.7   63.6   63.6   81.7   95.6 
  61.5   63.6   63.6   81.7   96.1 
  61.7   63.8   63.8   81.7   96.6 
  61.7   63.6   63.6   81.7   96.6 
  61.7   63.6   63.6   81.4   96.1 
  61.5   63.4   63.4   81.4   96.6 
  61.5   63.6   63.4   81.4   96.1 
  61.5   63.4   63.0   81.4   96.1 
  61.3   63.2   63.4   81.4   96.1 
  61.2   62.6   63.6   81.7   96.1 
  61.2   63.2   63.4   80.7   96.1 
  61.2   63.0   63.0   80.7   95.6 
  61.5   63.0   63.2   80.7   95.6 
  61.3   63.2   63.0   80.7   95.6 
  61.3   63.0   63.0   80.4   95.6 
  61.5   63.0   63.0   80.7   96.1 
  62.1   63.4   63.6   81.4   96.1 
  61.9   63.6   63.8   81.7   96.1 
  61.5   63.8   63.8   82.0   96.1 
  61.7   63.6   63.9   82.0   96.6 
  61.7   63.8   63.8   81.7   96.6 
  61.7   63.6   63.8   81.7   96.1 
  61.7   63.8   63.8   81.4   96.1 
  61.5   63.9   63.9   81.0   96.6 
  61.7   63.9   63.9   81.7   96.6 
  61.5   63.8   63.8   81.7   96.1 
  61.5   63.6   63.8   81.0   96.1 
  61.5   63.8   63.6   81.0   95.6 
  61.0   63.8   63.4   81.0   96.1 
  61.5   63.6   63.4   81.0   96.1 
  61.3   63.2   63.4   81.0   96.1 
  61.9   63.4   63.0   81.0   96.6 
  61.5   63.2   63.2   80.4   95.6 
  61.3   63.2   63.2   81.0   96.1 
  61.5   63.0   62.8   80.7   95.6 
  61.3   63.0   63.0   81.0   96.1 
  61.2   63.0   62.6   80.7   96.1 
  61.3   63.2   62.8   81.0   96.1 
  61.5   63.4   63.0   81.4   96.1 
  61.5   63.4   63.0   81.4   96.1 
  61.2   63.2   62.8   81.0   96.1 
  61.2   63.2   62.8   81.0   95.6 
  61.2   62.6   62.6   81.0   96.1 
  61.0   63.2   62.8   80.7   96.1 
  61.0   63.2   63.0   80.4   96.1 
  61.0   63.4   62.8   80.7   96.1 
  60.8   63.6   63.0   80.7   96.1 
  61.2   63.4   63.0   81.0   96.1 
  61.3   63.4   63.4   80.7   96.1 
  61.3   63.2   63.0   80.7   95.6 
  61.0   63.2   63.0   80.4   95.6 
  60.8   63.0   62.8   80.4   95.6 
  61.0   63.0   62.8   80.7   95.1 
  61.2   63.0   63.0   80.4   95.6 
  61.0   62.8   63.2   80.7   96.1 
  60.8   63.0   63.2   80.4   96.1 
  60.8   62.8   63.4   81.4   95.6 
  60.8   62.8   63.2   80.7   95.6 
  60.8   62.6   63.2   81.0   95.6 
  60.6   62.6   63.0   80.7   95.6 
  60.8   62.6   63.0   80.4   95.6 
  60.8   62.3   62.8   80.7   95.6 
  60.8   62.4   62.8   80.7   96.1 
  60.8   62.6   62.6   80.7   96.1 
  61.0   62.6   62.8   80.7   95.6 
  61.0   62.6   62.6   81.0   95.6 
  60.8   62.6   62.6   81.0   95.6 
  60.5   62.8   62.6   80.7   95.6 
  61.0   62.4   62.6   80.7   95.6 
  60.8   62.8   62.6   81.0   95.1 
  60.8   62.8   62.4   80.7   94.6 
  60.8   62.8   62.4   80.7   95.1 
  60.8   62.6   62.4   80.4   95.6 
  60.8   62.6   62.3   80.4   95.1 
  60.8   62.8   62.6   80.4   95.6 
  60.8   62.6   62.4   80.7   95.6 
  61.0   62.6   62.6   80.4   95.6 
  61.0   62.8   62.6   81.4   96.1 
  61.0   62.8   63.2   81.7   96.1 
  61.0   63.0   63.2   81.7   96.1 
  61.2   63.0   63.4   81.4   96.1 
  61.2   63.2   63.4   81.7   96.1 
  61.5   63.2   63.6   81.7   96.1 
  61.3   63.4   63.8   81.7   96.1 
  61.2   63.0   63.6   81.7   96.6 
  61.2   63.2   63.6   81.4   96.1 
  61.0   63.0   63.6   81.0   96.1 
  61.0   63.2   63.6   81.0   96.1 
  61.0   63.2   63.4   80.4   96.1 
  61.0   63.2   63.4   80.4   96.1 
  61.0   63.2   63.4   81.0   96.1 
  61.2   63.2   63.4   81.0   96.1 
  60.6   63.6   63.6   81.0   95.6 
  61.2   63.6   63.6   81.0   96.1 
  61.3   63.2   63.6   81.0   96.1 
  61.2   63.4   63.6   80.7   96.1 
  61.0   63.6   63.2   80.7   95.6 
  61.3   63.6   63.4   80.7   95.6 
  61.3   63.4   63.4   80.7   95.6 
  61.5   63.4   63.6   81.4   95.6 
  61.3   63.4   63.6   81.7   96.1 
  61.7   63.2   63.8   81.0   96.1 
  61.3   63.2   63.6   81.0   96.1 
  61.0   63.2   63.4   80.7   95.6 
  61.2   63.4   63.6   81.0   95.6 
  61.5   63.6   63.4   81.4   95.6 
  61.3   63.6   63.6   81.0   96.1 
  61.3   63.4   63.6   81.0   95.6 
  61.9   63.2   63.4   81.0   96.1 
  61.5   63.4   63.6   81.0   96.1 
  61.7   63.4   63.8   81.4   96.6 
  61.5   63.4   63.6   81.0   96.1 
  61.2   63.8   63.6   81.4   96.1 
  61.5   63.4   63.6   81.4   95.6 
  61.2   63.6   63.6   81.0   96.1 
  61.5   63.6   63.8   81.0   96.1 
  61.7   63.6   63.8   80.4   95.6 
  61.7   63.8   63.9   81.4   96.1 
  61.9   63.8   63.8   81.4   96.1 
  61.9   63.9   64.1   81.4   96.1 
  61.9   63.8   63.8   81.0   96.1 
  61.9   63.8   63.9   81.0   95.6 
  61.9   63.8   63.8   81.4   96.1 
  62.1   64.1   63.6   81.4   96.1 
  62.1   64.3   63.9   81.4   96.1 
  62.3   63.9   63.9   81.4   95.6 
  61.9   63.8   63.6   81.0   95.6 
  61.9   63.8   63.6   80.7   96.1 
  62.1   63.8   63.4   80.7   96.6 
  61.9   63.8   63.6   80.7   95.6 
  61.9   63.9   63.8   81.0   94.6 
  61.9   63.9   63.9   81.4   95.6 
  61.9   63.9   63.9   81.4   95.6 
  61.9   63.8   63.8   81.0   95.6 
  61.5   63.8   63.8   80.7   95.6 
  61.5   63.4   63.6   80.4   95.6 
  61.3   63.2   63.4   80.7   95.1 
  61.5   63.2   63.0   80.4   95.6 
  61.2   62.8   63.0   79.8   95.1 
  61.0   63.0   62.8   80.1   95.6 
  61.0   62.8   62.4   80.1   95.1 
  60.8   62.4   62.3   80.1   95.1 
  60.8   62.6   62.3   79.5   95.1 
  60.8   62.8   62.4   80.1   95.1 
  61.0   62.6   62.3   80.4   95.1 
  61.0   62.8   62.3   80.4   95.6 
  61.0   62.8   62.3   80.4   95.1 
  61.0   62.8   62.4   80.4   95.1 
  60.6   62.8   62.3   80.4   95.1 
  61.2   62.8   62.4   80.4   95.1 
  61.2   63.2   62.8   81.0   95.1 
  61.3   63.2   62.8   81.0   95.1 
  61.7   63.6   63.0   80.7   95.6 
  61.5   63.6   63.0   81.0   95.6 
  61.3   63.4   63.0   80.4   95.6 
  61.3   63.4   63.2   82.0   95.6 
  61.2   63.4   63.0   81.0   95.6 
  61.2   63.2   63.0   80.7   95.6 
  61.2   63.2   62.8   80.4   95.6 
  61.0   63.2   62.8   80.4   95.6 
  61.0   63.0   62.8   80.4   95.6 
  60.8   63.0   62.6   80.7   95.6 
  60.8   63.2   62.6   81.0   95.6 
  61.2   62.4   62.6   81.4   95.6 
  61.0   63.0   63.2   81.4   96.1 
  61.0   63.0   63.0   81.4   95.6 
  61.0   63.0   63.4   81.4   95.1 
  61.0   62.6   63.2   81.4   96.1 
  61.0   63.2   63.4   81.7   96.1 
  61.2   63.0   63.4   81.7   96.1 
  61.3   63.2   63.4   81.4   96.1 
  61.2   63.0   63.4   81.0   96.1 
  61.3   63.2   63.2   81.0   96.1 
  61.2   63.2   63.4   81.0   96.1 
  61.3   63.2   63.4   81.4   96.1 
  61.3   63.2   63.4   81.0   96.1 
  61.5   63.2   63.4   81.4   96.6 
  61.5   63.2   63.4   81.0   96.1 
  61.2   63.4   63.6   81.4   96.1 
  61.3   63.4   63.4   81.4   95.6 
  61.3   63.2   63.6   81.4   95.6 
  61.3   63.2   63.4   81.4   95.6 
  61.3   63.2   63.6   81.4   95.6 
  61.3   63.4   63.6   81.4   96.1 
  61.3   63.4   63.8   81.4   95.6 
  61.3   63.0   63.4   80.7   96.6 
  61.3   63.4   63.8   81.4   96.1 
  61.3   63.2   63.9   81.4   96.1 
  61.5   63.4   64.1   81.7   96.1 
  61.5   63.6   64.1   81.7   96.1 
  61.7   63.2   63.6   81.4   96.1 
  61.3   63.4   63.8   81.0   96.1 
  61.3   63.2   63.9   82.0   95.6 
  61.5   63.4   63.9   81.4   96.1 
  61.5   63.6   63.8   81.4   95.6 
  61.3   63.4   63.9   81.4   96.6 
  61.5   63.4   63.9   81.7   96.1 
  61.7   63.8   64.1   81.4   96.1 
  61.2   63.2   63.9   81.7   96.1 
  61.7   63.4   63.8   81.7   96.1 
  61.3   63.6   63.6   81.4   96.1 
  61.7   63.4   63.9   81.7   96.1 
  61.7   63.6   63.9   81.7   96.1 
  61.7   63.6   63.9   81.7   96.6 
  61.7   63.8   63.9   81.7   95.6 
  61.7   63.6   63.8   81.4   96.1 
  61.7   63.4   63.8   81.4   96.1 
  61.7   63.8   63.8   81.4   96.1 
  61.5   63.4   63.6   81.4   96.1 
  61.5   63.4   63.6   81.4   96.1 
  61.5   63.4   63.6   81.4   96.1 
  61.3   63.4   63.4   80.7   96.1 
  61.2   63.0   63.4   81.0   96.1 
  61.0   63.0   63.0   80.4   96.1 
  61.0   63.0   62.8   81.0   95.6 
  61.0   62.4   62.6   80.7   95.6 
  60.8   63.0   62.4   80.7   95.6 
  61.2   62.8   62.8   81.0   95.6 
  61.3   63.0   63.0   81.4   95.6 
  61.5   63.4   63.2   81.7   95.6 
  61.7   63.6   63.6   82.0   96.1 
  61.5   63.9   63.9   82.3   96.6 
  61.9   63.9   63.9   82.3   95.6 
  61.9   64.1   64.1   82.3   96.6 
  61.9   63.2   63.9   82.0   96.6 
  61.5   63.8   63.8   81.7   96.6 
  61.5   63.8   63.8   82.0   96.1 
  61.7   63.8   63.9   81.4   96.1 
  61.3   63.9   64.3   81.4   96.1 
  61.5   63.6   64.1   81.0   96.1 
  61.7   63.6   63.9   80.7   96.1 
  61.7   63.6   63.8   81.0   95.6 
  61.5   63.8   63.8   81.4   96.1 
  61.9   63.6   63.8   81.4   96.6 
  61.7   63.6   63.8   81.7   96.1 
  61.9   63.8   63.6   80.7   96.1 
  61.9   63.6   63.8   81.4   96.1 
  61.7   63.6   63.8   81.7   96.1 
  62.1   63.6   63.