  67.4   69.1   69.1   84.7   97.1 
  67.6   69.3   69.3   85.1   97.1 
  67.6   69.3   69.6   84.7   97.1 
  67.4   69.3   69.3   84.4   97.1 
  67.2   69.1   69.1   84.7   96.6 
  67.4   69.3   69.1   84.4   96.1 
  67.2   69.1   69.1   84.0   96.1 
  67.0   68.9   68.9   83.7   95.6 
  67.0   68.7   68.7   83.3   95.6 
  67.0   68.7   68.5   83.0   95.1 
  67.0   68.9   68.5   83.0   95.1 
  67.0   68.9   68.2   83.0   94.6 
  67.2   68.9   68.5   83.3   94.6 
  67.4   68.9   68.2   83.3   94.2 
  67.4   68.9   68.5   83.3   94.2 
  67.6   69.1   68.5   83.3   94.2 
  67.4   68.9   68.5   83.0   93.7 
  67.2   68.7   68.5   83.0   93.7 
  67.0   68.7   68.5   82.7   93.2 
  67.0   68.5   68.5   82.7   93.2 
  66.7   68.5   68.2   82.0   92.8 
  66.7   68.5   68.0   81.7   92.8 
  66.7   68.5   68.0   81.7   92.3 
  66.7   68.5   68.0   81.4   92.3 
  66.5   68.5   67.8   81.4   91.9 
  66.5   68.2   67.8   81.0   91.4 
  66.3   68.2   67.8   81.4   91.4 
  66.3   68.2   67.6   81.0   91.0 
  66.5   68.2   67.6   81.4   91.0 
  66.3   68.2   67.6   81.0   91.0 
  66.3   68.0   67.4   81.0   90.6 
  66.1   67.8   67.4   80.4   90.6 
  66.1   67.6   67.2   80.4   90.1 
  65.7   67.6   67.2   80.7   90.1 
  65.9   67.4   67.2   80.7   90.1 
  65.9   67.6   67.2   80.4   89.7 
  65.9   67.6   67.4   80.1   89.7 
  66.1   67.6   67.4   80.4   89.3 
  66.1   67.6   67.4   80.1   89.3 
  65.9   67.4   67.2   79.8   88.9 
  65.7   67.4   67.0   79.5   88.9 
  65.9   67.4   67.0   79.5   88.5 
  65.7   67.4   67.0   79.2   88.1 
  65.5   67.4   67.0   79.2   88.1 
  65.5   67.4   67.0   79.2   88.1 
  65.7   67.4   67.0   78.9   87.3 
  65.7   67.4   67.0   78.9   87.3 
  65.7   67.4   66.7   78.9   86.9 
  65.9   67.6   67.0   78.9   86.6 
  66.1   67.6   67.0   79.2   86.6 
  66.1   67.6   67.0   78.9   86.6 
  66.1   67.6   66.7   78.6   86.2 
  65.9   67.4   66.5   78.3   86.2 
  65.9   67.4   66.3   78.3   85.8 
  65.7   67.2   66.3   78.0   85.8 
  65.5   66.7   66.1   77.7   85.5 
  65.1   66.5   65.9   77.4   85.1 
  64.9   66.3   65.5   76.9   84.7 
  64.9   66.1   65.3   76.6   84.7 
  64.7   66.1   65.3   76.6   84.4 
  64.7   66.1   65.3   76.6   84.0 
  64.7   66.1   65.3   76.6   84.0 
  64.9   66.1   65.1   76.6   84.0 
  64.9   66.1   65.1   76.3   83.7 
  64.9   66.1   64.9   76.3   83.7 
  64.9   66.1   64.9   76.0   83.3 
  64.9   65.9   64.7   76.0   83.3 
  64.9   65.7   64.5   75.7   83.0 
  64.9   65.5   64.3   75.7   83.0 
  64.9   65.3   64.1   75.5   82.7 
  64.7   65.3   63.9   74.9   82.7 
  64.7   65.3   63.8   74.7   82.3 
  64.7   65.5   63.8   74.4   82.3 
  64.7   65.5   63.6   74.2   82.0 
  64.7   65.5   63.4   73.9   81.7 
  64.5   65.3   63.0   73.9   81.7 
  64.1   65.3   63.0   73.6   81.4 
  64.1   65.1   62.8   73.4   81.0 
  63.9   64.9   62.6   73.4   81.0 
  63.9   64.9   62.4   73.1   80.7 
  64.1   64.9   62.4   72.9   80.7 
  64.1   65.1   62.4   73.1   80.4 
  64.3   65.1   62.4   72.9   80.4 
  64.1   65.1   62.6   72.9   80.1 
  64.1   65.1   62.6   72.9   79.8 
  63.9   65.1   62.6   72.9   79.8 
  63.8   64.9   62.8   73.1   79.8 
  63.9   64.9   62.8   73.1   79.5 
  63.9   64.7   62.8   72.9   79.5 
  63.8   64.5   62.8   72.9   79.2 
  63.8   64.5   62.8   72.9   79.2 
  63.8   64.7   62.8   72.9   79.2 
  63.6   64.7   62.8   72.6   78.9 
  63.4   64.3   62.6   72.6   78.9 
  63.4   64.5   62.8   72.6   78.6 
  63.6   64.5   62.8   72.6   78.6 
  63.6   64.5   62.8   72.4   78.3 
  63.6   64.3   62.6   72.1   78.3 
  63.4   64.3   62.6   71.9   78.0 
  63.4   64.3   62.6   71.7   78.0 
  63.2   64.1   62.4   71.7   78.0 
  63.2   64.1   62.4   71.4   77.7 
  63.0   63.9   62.1   71.4   77.4 
  62.8   63.8   62.1   71.2   77.4 
  62.6   63.6   62.1   71.2   77.1 
  62.6   63.4   61.9   70.9   77.1 
  62.4   63.2   61.7   70.7   77.1 
  62.3   63.0   61.5   70.5   76.9 
  62.1   62.8   61.3   70.3   76.6 
  61.9   62.8   61.2   70.3   76.3 
  61.7   62.6   61.2   70.3   76.3 
  61.7   62.6   61.0   70.0   76.0 
  61.5   62.4   61.0   70.0   76.0 
  61.5   62.6   60.8   70.0   75.7 
  61.5   62.6   60.8   69.8   75.5 
  61.5   62.6   60.8   69.8   75.5 
  61.2   62.4   60.6   69.6   75.5 
  61.2   62.3   60.6   69.6   75.2 
  61.2   62.3   60.6   69.6   74.9 
  61.2   62.3   60.6   69.6   74.9 
  61.3   62.4   60.8   69.6   74.9 
  61.5   62.4   61.0   69.8   74.9 
  61.5   62.4   61.0   69.8   74.7 
  61.3   62.3   60.8   69.6   74.4 
  61.3   62.1   60.8   69.3   74.2 
  61.3   62.3   60.8   69.3   74.2 
  61.3   62.1   60.6   69.1   74.2 
  61.3   62.1   60.6   68.9   73.9 
  61.3   62.1   60.5   68.7   73.9 
  61.2   61.9   60.5   68.5   73.6 
  61.0   61.7   60.3   68.2   73.4 
  60.8   61.7   59.9   68.0   73.4 
  60.6   61.5   59.9   68.0   73.4 
  60.5   61.2   59.8   67.8   73.1 
  60.3   61.2   59.6   67.8   73.1 
  60.3   61.0   59.3   67.8   72.9 
  60.1   61.0   59.3   67.6   72.6 
  60.3   60.8   59.3   67.6   72.6 
  59.9   60.6   58.9   67.4   72.6 
  59.9   60.5   58.9   67.4   72.4 
  59.9   60.5   58.8   67.2   72.1 
  60.1   60.3   58.6   67.0   72.1 
  60.1   60.1   58.4   66.7   72.1 
  59.9   59.9   58.3   66.7   71.9 
  59.8   59.8   58.1   66.5   71.7 
  59.8   59.6   57.9   66.3   71.7 
  59.4   59.6   57.8   66.1   71.4 
  59.3   59.4   57.6   66.1   71.4 
  59.3   59.4   57.5   65.9   71.2 
  59.3   59.3   57.5   66.1   70.9 
  59.1   59.3   57.3   66.1   70.9 
  58.9   59.1   57.3   66.1   70.9 
  58.8   59.1   57.1   65.9   70.7 
  58.6   58.9   57.0   65.7   70.7 
  58.6   58.9   57.0   65.7   70.5 
  58.6   58.9   57.0   65.7   70.5 
  58.6   58.9   56.8   65.5   70.3 
  58.4   58.8   56.8   65.3   70.3 
  58.4   58.9   56.8   65.1   70.0 
  58.4   58.9   56.8   65.1   70.0 
  58.3   58.9   56.7   65.1   69.8 
  58.3   58.9   56.7   65.1   69.6 
  58.3   58.9   56.8   64.9   69.6 
  58.1   58.9   56.8   64.9   69.3 
  58.1   58.8   56.8   65.1   69.3 
  57.9   58.8   57.0   65.1   69.3 
  57.9   58.8   57.0   64.9   69.1 
  57.9   58.6   56.8   64.7   69.1 
  57.8   58.6   56.8   64.5   68.9 
  57.8   58.4   56.8   64.5   68.7 
  57.6   58.3   56.7   64.3   68.7 
  57.6   58.3   56.7   64.1   68.7 
  57.3   58.1   56.5   63.9   68.5 
  57.3   57.9   56.3   64.1   68.5 
  57.5   57.9   56.5   64.1   68.2 
  57.3   57.9   56.5   63.9   68.2 
  57.3   57.9   56.5   63.9   68.0 
  57.3   57.8   56.3   63.8   68.0 
  57.1   57.8   56.3   63.6   67.8 
  57.1   57.8   56.3   63.6   67.8 
  57.1   57.9   56.3   63.6   67.6 
  57.3   57.9   56.3   63.4   67.4 
  57.1   57.8   56.3   63.4   67.6 
  57.1   57.6   56.2   63.4   67.4 
  57.0   57.6   56.2   63.2   67.2 
  56.7   57.3   56.0   62.8   67.2 
  56.5   57.1   55.7   62.6   66.7 
  56.5   57.0   55.7   62.4   66.7 
  56.3   57.0   55.6   62.4   66.5 
  56.3   57.1   55.6   62.4   66.5 
  56.3   57.0   55.6   62.1   66.3 
  56.2   56.8   55.4   61.9   66.3 
  56.2   56.8   55.4   61.9   66.1 
  56.2   56.7   55.3   61.9   65.9 
  56.0   56.7   55.3   61.9   65.9 
  56.0   56.7   55.3   61.9   65.9 
  56.2   57.0   55.4   61.9   65.9 
  56.2   57.0   55.4   61.9   65.7 
  56.2   57.0   55.4   61.9   65.7 
  56.3   57.0   55.4   61.9   65.5 
  56.2   56.8   55.4   61.7   65.3 
  56.0   56.7   55.4   61.5   65.3 
  55.9   56.5   55.3   61.5   65.1 
  55.7   56.3   55.1   61.3   65.1 
  55.7   56.3   55.0   61.3   64.9 
  55.7   56.3   54.8   61.3   64.9 
  55.6   56.3   54.7   61.2   64.7 
  55.6   56.0   54.7   61.2   64.5 
  55.4   55.9   54.5   61.3   64.5 
  55.3   55.9   54.5   61.2   64.5 
  55.3   55.7   54.4   60.8   64.3 
  55.1   55.6   54.2   60.6   64.1 
  55.0   55.4   53.9   60.5   64.1 
  54.8   55.3   53.8   60.3   64.1 
  54.7   55.1   53.6   59.9   63.9 
  54.7   55.0   53.5   59.8   63.8 
  54.5   55.0   53.2   59.6   63.8 
  54.5   55.0   53.2   59.4   63.6 
  54.5   55.0   53.1   59.3   63.4 
  54.5   55.0   52.9   59.1   63.2 
  54.5   54.8   52.8   59.1   63.2 
  54.5   55.0   52.6   58.9   63.0 
  54.5   54.8   52.6   58.9   63.0 
  54.4   54.8   52.5   58.9   62.8 
  54.4   54.7   52.5   58.9   62.8 
  54.4   54.5   52.5   58.9   62.6 
  54.4   54.5   52.5   58.8   62.6 
  54.2   54.4   52.5   58.8   62.4 
  54.2   54.4   52.5   58.8   62.3 
  54.1   54.2   52.3   58.8   62.3 
  53.9   54.2   52.3   58.6   62.3 
  53.9   54.2   52.3   58.6   62.1 
  53.9   54.2   52.3   58.8   62.1 
  53.9   54.4   52.5   58.8   62.1 
  53.9   54.4   52.6   58.9   61.9 
  53.9   54.5   52.8   58.9   61.9 
  53.9   54.4   52.6   58.9   61.9 
  53.8   54.4   52.8   58.9   61.9 
  53.6   54.2   52.8   58.8   61.7 
  53.6   54.1   52.6   58.8   61.5 
  53.6   54.1   52.6   58.8   61.5 
  53.8   54.1   52.6   58.8   61.5 
  53.8   54.1   52.6   58.8   61.3 
  53.8   54.1   52.6   58.6   61.3 
  53.8   54.1   52.6   58.4   61.3 
  53.5   53.9   52.5   58.3   61.3 
  53.3   53.6   52.5   58.1   61.2 
  53.2   53.5   52.3   57.9   61.0 
  53.1   53.5   52.2   57.8   60.8 
  53.1   53.3   51.9   57.6   60.8 
  53.1   53.3   51.9   57.6   60.8 
  52.9   53.3   51.8   57.6   60.6 
  52.8   53.2   51.8   57.6   60.6 
  52.6   53.1   51.8   57.6   60.5 
  52.5   52.9   51.6   57.3   60.5 
  52.5   52.9   51.5   57.1   60.3 
  52.3   52.6   51.5   57.0   60.3 
  52.3   52.8   51.4   57.0   60.3 
  52.2   52.6   51.4   56.8   60.1 
  52.2   52.5   51.2   56.8   60.1 
  52.2   52.5   51.2   56.7   59.9 
  52.2   52.5   51.2   56.7   59.9 
  52.1   52.5   51.1   56.7   59.8 
  51.9   52.3   51.1   56.7   59.8 
  51.9   52.3   51.1   56.5   59.6 
  51.9   52.3   51.0   56.7   59.6 
  51.9   52.3   51.0   56.5   59.4 
  51.8   52.2   51.0   56.5   59.4 
  51.6   52.2   50.8   56.2   59.3 
  51.6   51.9   50.8   56.2   59.3 
  51.5   51.8   50.8   56.2   59.1 
  51.4   51.8   50.8   56.2   59.1 
  51.4   51.8   50.6   56.2   58.9 
  51.4   51.8   50.7   56.2   58.9 
  51.4   51.8   50.6   56.0   58.9 
  51.2   51.6   50.6   55.9   58.8 
  51.1   51.5   50.4   55.7   58.6 
  51.1   51.5   50.3   55.7   58.6 
  51.1   51.5   50.3   55.6   58.4 
  51.1   51.5   50.0   55.6   58.4 
  51.1   51.5   50.2   55.4   58.3 
  51.1   51.5   50.0   55.3   58.3 
  51.1   51.5   50.0   55.3   58.1 
  51.0   51.5   50.0   55.3   58.1 
  51.0   51.5   50.0   55.1   57.9 
  51.0   51.4   50.0   55.0   57.9 
  51.0   51.4   49.9   54.8   57.8 
  51.0   51.2   49.9   54.7   57.8 
  50.8   51.2   49.8   54.7   57.6 
  51.0   51.1   49.8   54.7   57.6 
  50.8   51.1   49.6   54.8   57.5 
  50.8   51.0   49.6   54.7   57.5 
  50.7   51.0   49.6   54.7   57.5 
  50.7   51.0   49.6   54.7   57.5 
  50.7   51.0   49.6   54.7   57.3 
  50.7   51.0   49.6   54.7   57.3 
  50.6   50.8   49.6   54.5   57.3 
  50.6   50.8   49.5   54.5   57.1 
  50.4   50.7   49.5   54.5   57.0 
  50.4   50.7   49.5   54.4   57.0 
  50.3   50.7   49.4   54.2   57.0 
  50.3   50.6   49.4   54.2   57.0 
  50.2   50.6   49.4   54.1   56.8 
  50.2   50.4   49.2   54.1   56.8 
  50.2   50.6   49.2   54.1   56.7 
  50.2   50.6   49.2   53.9   56.7 
  50.0   50.4   49.2   53.9   56.5 
  49.9   50.3   49.1   53.8   56.5 
  49.8   50.2   49.1   53.6   56.3 
  49.8   50.0   49.0   53.6   56.3 
  49.8   50.0   49.0   53.5   56.2 
  49.6   49.9   48.8   53.5   56.2 
  49.5   49.8   48.8   53.3   56.2 
  49.5   49.8   48.7   53.2   56.0 
  49.4   49.6   48.7   53.2   56.0 
  49.2   49.5   48.6   53.1   55.9 
  49.1   49.5   48.5   53.1   55.9 
  49.1   49.4   48.5   53.1   55.9 
  49.1   49.4   48.5   52.9   55.7 
  49.1   49.4   48.5   52.9   55.7 
  49.1   49.4   48.5   52.9   55.6 
  49.0   49.4   48.3   52.9   55.6 
  49.1   49.4   48.3   52.9   55.4 
  49.0   49.4   48.3   52.9   55.3 
  49.1   49.5   48.5   53.1   55.3 
  49.1   49.5   48.3   53.1   55.1 
  49.1   49.4   48.3   52.8   55.1 
  49.1   49.4   48.3   52.6   55.0 
  49.1   49.4   48.2   52.5   55.0 
  49.1   49.4   48.2   52.5   54.8 
  49.1   49.4   48.2   52.5   54.8 
  49.0   49.4   48.2   52.5   54.7 
  49.0   49.2   48.1   52.3   54.7 
  48.8   49.1   48.1   52.2   54.5 
  48.7   49.0   47.9   52.2   54.5 
  48.7   49.0   47.9   52.1   54.5 
  48.6   48.8   47.7   51.9   54.4 
  48.6   48.8   47.7   51.9   54.4 
  48.6   48.8   47.8   51.9   54.4 
  48.6   48.8   47.8   51.9   54.2 
  48.6   48.8   47.8   51.8   54.2 
  48.5   48.7   47.7   51.6   54.1 
  48.3   48.7   47.6   51.6   54.1 
  48.3   48.6   47.6   51.6   54.1 
  48.2   48.6   47.6   51.8   53.9 
  48.1   48.5   47.6   51.6   53.9 
  47.9   48.3   47.4   51.5   53.8 
  47.8   48.2   47.3   51.4   53.8 
  47.7   48.1   47.2   51.2   53.6 
  47.7   47.9   47.2   51.2   53.6 
  47.6   47.9   47.1   51.2   53.6 
  47.4   47.9   47.1   51.1   53.5 
  47.4   47.8   46.9   51.0   53.5 
  47.4   47.8   46.9   51.0   53.3 
  47.4   47.7   46.8   50.8   53.3 
  47.3   47.7   46.8   50.8   53.2 
  47.3   47.7   46.7   50.8   53.2 
  47.2   47.7   46.7   50.7   53.1 
  47.2   47.6   46.7   50.7   53.1 
  47.2   47.6   46.7   50.7   53.1 
  47.2   47.6   46.6   50.7   52.9 
  47.2   47.4   46.6   50.6   52.9 
  47.1   47.3   46.4   50.4   52.8 
  46.9   47.3   46.3   50.3   52.8 
  46.9   47.2   46.3   50.3   52.6 
  46.8   47.1   46.2   50.3   52.6 
  46.8   47.1   46.2   50.3   52.6 
  46.8   47.1   46.2   50.2   52.5 
  46.7   47.1   46.2   50.2   52.3 
  46.7   46.9   46.1   50.2   52.3 
  46.7   46.9   46.1   50.2   52.2 
  46.7   46.9   46.1   50.2   52.2 
  46.7   47.1   46.2   50.0   52.2 
  46.7   47.1   46.1   50.0   52.2 
  46.7   46.9   46.1   50.0   52.1 
  46.7   46.8   46.1   50.0   52.1 
  46.6   46.8   46.1   49.9   51.9 
  46.4   46.7   46.1   49.8   51.8 
  46.4   46.7   46.1   49.8   51.8 
  46.4   46.7   46.0   49.6   51.8 
  46.3   46.6   46.0   49.6   51.6 
  46.3   46.7   46.0   49.6   51.6 
  46.3   46.6   45.8   49.5   51.6 
  46.2   46.6   46.0   49.5   51.5 
  46.2   46.6   45.8   49.5   51.5 
  46.2   46.4   45.8   49.4   51.4 
  46.1   46.4   45.8   49.4   51.4 
  46.1   46.3   45.7   49.4   51.4 
  46.1   46.3   45.7   49.4   51.2 
  46.1   46.3   45.7   49.4   51.2 
  46.1   46.3   45.6   49.2   51.2 
  46.0   46.2   45.5   49.1   51.1 
  46.0   46.1   45.5   49.1   51.1 
  46.0   46.1   45.4   49.0   51.0 
  46.0   46.0   45.2   48.8   51.0 
  45.8   46.0   45.1   48.7   50.8 
  45.8   46.0   45.0   48.6   50.8 
  45.8   46.0   45.0   48.6   50.7 
  45.8   46.0   44.9   48.6   50.7 
  45.8   45.8   44.9   48.5   50.6 
  45.8   45.8   44.9   48.3   50.6 
  45.8   45.8   44.9   48.3   50.4 
  45.7   45.8   44.8   48.3   50.4 
  45.7   45.8   44.8   48.3   50.4 
  45.6   45.8   44.8   48.3   50.3 
  45.7   45.7   44.6   48.3   50.3 
  45.6   45.7   44.6   48.3   50.3 
  45.6   45.7   44.6   48.3   50.2 
  45.6   45.7   44.6   48.2   50.2 
  45.6   45.6   44.5   48.2   50.0 
  45.6   45.5   44.5   48.2   50.0 
  45.6   45.5   44.5   48.1   49.9 
  45.5   45.5   44.4   47.9   49.9 
  45.5   45.5   44.4   47.9   49.9 
  45.4   45.4   44.4   47.9   49.8 
  45.2   45.4   44.3   48.1   49.8 
  45.2   45.4   44.4   48.1   49.8 
  45.4   45.5   44.4   48.1   49.8 
  45.2   45.4   44.4   47.9   49.8 
  45.2   45.4   44.4   47.9   49.6 
  45.2   45.4   44.4   47.8   49.6 
  45.1   45.2   44.4   47.8   49.6 
  45.1   45.2   44.3   47.7   49.5 
  45.1   45.2   44.3   47.8   49.5 
  45.1   45.2   44.3   47.7   49.4 
  45.1   45.2   44.3   47.7   49.4 
  45.0   45.2   44.3   47.7   49.4 
  45.0   45.1   44.3   47.7   49.4 
  44.9   45.0   44.2   47.6   49.2 
  44.9   45.0   44.2   47.4   49.2 
  44.9   44.9   44.2   47.4   49.2 
  44.9   45.0   44.2   47.4   49.1 
  44.8   45.0   44.1   47.3   49.1 
  44.8   44.9   44.1   47.3   49.0 
  44.8   44.9   44.1   47.2   49.0 
  44.8   44.9   43.9   47.2   49.0 
  44.6   44.8   43.8   47.1   48.8 
  44.6   44.8   43.8   46.9   48.8 
  44.5   44.6   43.7   46.9   48.8 
  44.5   44.6   43.7   46.9   48.7 
  44.4   44.5   43.6   46.8   48.7 
  44.3   44.4   43.6   46.8   48.6 
  44.3   44.4   43.6   46.8   48.6 
  44.3   44.4   43.6   46.8   48.6 
  44.3   44.4   43.6   46.8   48.5 
  44.3   44.4   43.6   46.8   48.5 
  44.2   44.4   43.6   46.7   48.5 
  44.2   44.4   43.5   46.7   48.3 
  44.2   44.4   43.6   46.7   48.3 
  44.3   44.4   43.6   46.6   48.3 
  44.2   44.3   43.5   46.6   48.3 
  44.1   44.2   43.4   46.3   48.2 
  43.9   44.1   43.3   46.3   48.2 
  43.9   44.1   43.3   46.3   48.1 
  43.9   44.1   43.3   46.2   48.1 
  43.9   44.1   43.3   46.3   47.9 
  43.9   44.1   43.3   46.3   47.9 
  43.9   44.2   43.3   46.3   47.9 
  43.9   44.2   43.4   46.3   47.8 
  43.9   44.2   43.4   46.3   47.8 
  43.9   44.2   43.4   46.3   47.8 
  43.9   44.2   43.4   46.3   47.8 
  43.8   44.2   43.4   46.3   47.7 
  43.8   44.2   43.4   46.2   47.7 
  43.8   44.1   43.4   46.2   47.7 
  43.7   43.9   43.4   46.1   47.6 
  43.7   43.8   43.3   46.0   47.4 
  43.7   43.8   43.1   45.8   47.4 
  43.6   43.7   43.1   45.8   47.4 
  43.6   43.7   43.1   45.8   47.3 
  43.6   43.7   43.0   45.8   47.3 
  43.5   43.7   43.0   45.7   47.3 
  43.5   43.6   43.0   45.6   47.2 
  43.4   43.6   42.9   45.6   47.2 
  43.3   43.5   42.9   45.5   47.1 
  43.1   43.4   42.8   45.5   47.1 
  43.1   43.4   42.8   45.4   47.1 
  43.0   43.3   42.7   45.4   46.9 
  43.0   43.1   42.6   45.2   46.9 
  42.9   43.1   42.6   45.2   46.9 
  42.9   43.0   42.5   45.1   46.8 
  42.9   43.0   42.5   45.1   46.8 
  42.9   43.0   42.5   45.1   46.7 
  42.9   43.1   42.5   45.2   46.7 
  43.0   43.1   42.6   45.2   46.7 
  43.0   43.1   42.6   45.2   46.6 
  43.0   43.1   42.6   45.1   46.6 
  42.8   43.1   42.5   45.1   46.6 
  42.9   43.1   42.5   45.1   46.6 
  42.8   43.0   42.5   45.1   46.6 
  42.8   43.0   42.5   45.0   46.4 
  42.8   43.0   42.5   45.0   46.4 
  42.8   43.0   42.5   45.0   46.4 
  42.8   43.0   42.3   45.0   46.3 
  42.8   43.0   42.5   45.0   46.3 
  42.8   43.0   42.3   44.9   46.3 
  42.7   42.9   42.2   44.8   46.2 
  42.7   42.8   42.2   44.6   46.2 
  42.7   42.8   42.2   44.6   46.2 
  42.6   42.8   42.2   44.8   46.1 
  42.5   42.7   42.1   44.6   46.1 
  42.5   42.6   42.0   44.5   46.1 
  42.3   42.6   42.0   44.5   46.0 
  42.3   42.6   42.0   44.5   46.0 
  42.3   42.5   42.0   44.4   46.0 
  42.3   42.5   42.0   44.5   46.0 
  42.3   42.5   42.0   44.5   45.8 
  42.3   42.6   42.0   44.5   45.8 
  42.3   42.6   42.0   44.4   45.8 
  42.3   42.5   42.0   44.4   45.7 
  42.2   42.5   41.9   44.3   45.7 
  42.2   42.3   41.9   44.3   45.7 
  42.1   42.3   41.9   44.3   45.7 
  42.1   42.3   41.8   44.2   45.6 
  42.1   42.2   41.8   44.2   45.6 
  42.0   42.2   41.8   44.1   45.6 
  42.0   42.1   41.7   44.1   45.5 
  42.0   42.1   41.7   43.9   45.5 
  41.9   42.1   41.6   43.9   45.5 
  41.9   42.0   41.5   43.8   45.4 
  41.9   42.0   41.5   43.8   45.4 
  41.8   42.0   41.5   43.8   45.2 
  41.8   41.9   41.4   43.7   45.2 
  41.7   41.9   41.4   43.7   45.1 
  41.7   41.9   41.4   43.7   45.1 
  41.7   41.8   41.4   43.7   45.1 
  41.7   41.8   41.2   43.6   45.1 
  41.7   41.8   41.2   43.6   45.0 
  41.7   41.8   41.2   43.6   45.0 
  41.7   41.8   41.2   43.6   45.0 
  41.6   41.8   41.2   43.6   45.0 
  41.6   41.8   41.2   43.6   45.0 
  41.6   41.7   41.2   43.5   44.9 
  41.6   41.7   41.1   43.5   44.9 
  41.6   41.7   41.1   43.5   44.9 
  41.6   41.7   41.1   43.5   44.8 
  41.6   41.7   41.1   43.5   44.8 
  41.6   41.7   41.1   43.5   44.8 
  41.6   41.7   41.1   43.5   44.8 
  41.6   41.7   41.1   43.5   44.6 
  41.6   41.7   41.1   43.4   44.6 
  41.5   41.6   41.0   43.3   44.6 
  41.4   41.5   40.9   43.1   44.5 
  41.4   41.5   40.9   43.1   44.5 
  41.4   41.5   40.9   43.1   44.5 
  41.2   41.5   40.8   43.0   44.4 
  41.2   41.5   40.8   43.0   44.4 
  41.2   41.4   40.8   43.0   44.4 
  41.2   41.4   40.8   43.0   44.3 
  41.2   41.4   40.8   43.0   44.3 
  41.2   41.5   40.8   43.0   44.3 
  41.2   41.5   40.8   43.0   44.3 
  41.2   41.4   40.8   42.9   44.2 
  41.2   41.4   40.8   42.9   44.2 
  41.2   41.2   40.8   42.8   44.2 
  41.1   41.2   40.7   42.8   44.1 
  41.1   41.2   40.7   42.8   44.1 
  41.0   41.1   40.6   42.8   44.1 
  41.0   41.1   40.6   42.8   44.1 
  41.0   41.1   40.6   42.8   43.9 
  41.0   41.1   40.5   42.8   43.9 
  41.0   41.1   40.5   42.8   43.9 
  41.0   41.1   40.6   42.7   43.8 
  40.9   41.1   40.5   42.7   43.8 
  40.9   41.0   40.5   42.6   43.8 
  40.8   41.0   40.5   42.6   43.7 
  40.8   40.9   40.4   42.5   43.7 
  40.7   40.8   40.4   42.5   43.7 
  40.7   40.8   40.4   42.5   43.7 
  40.7   40.8   40.4   42.5   43.6 
  40.7   40.8   40.4   42.5   43.6 
  40.7   40.9   40.4   42.5   43.6 
  40.8   40.8   40.4   42.3   43.6 
  40.7   40.8   40.3   42.2   43.5 
  40.6   40.7   40.3   42.2   43.5 
  40.6   40.6   40.2   42.2   43.4 
  40.6   40.6   40.2   42.2   43.4 
  40.6   40.6   40.2   42.2   43.4 
  40.5   40.6   40.2   42.2   43.4 
  40.5   40.5   40.0   42.1   43.3 
  40.4   40.5   40.0   42.1   43.3 
  40.4   40.5   40.0   42.1   43.3 
  40.3   40.4   39.9   42.0   43.3 
  40.3   40.4   39.9   42.0   43.3 
  40.3   40.4   39.9   42.0   43.1 
  40.3   40.4   39.9   41.9   43.1 
  40.3   40.4   39.9   41.9   43.1 
  40.3   40.4   39.9   41.9   43.0 
  40.3   40.4   39.8   41.9   43.0 
  40.2   40.4   39.8   41.8   43.0 
  40.2   40.4   39.8   41.8   42.9 
  40.2   40.3   39.8   41.8   42.9 
  40.2   40.3   39.8   41.7   42.9 
  40.2   40.3   39.8   41.7   42.9 
  40.0   40.3   39.7   41.7   42.8 
  40.0   40.2   39.7   41.7   42.8 
  40.0   40.2   39.7   41.6   42.8 
  39.9   40.0   39.6   41.6   42.8 
  39.9   40.0   39.6   41.6   42.7 
  39.9   39.9   39.6   41.6   42.7 
  39.8   39.9   39.5   41.5   42.7 
  39.7   39.8   39.5   41.4   42.6 
  39.6   39.7   39.4   41.2   42.6 
  39.6   39.7   39.3   41.2   42.6 
  39.6   39.6   39.3   41.2   42.5 
  39.5   39.6   39.3   41.2   42.5 
  39.5   39.6   39.3   41.1   42.5 
  39.5   39.5   39.2   41.1   42.3 
  39.4   39.5   39.2   41.1   42.3 
  39.4   39.5   39.1   41.1   42.3 
  39.4   39.4   39.1   41.1   42.3 
  39.4   39.4   39.1   41.1   42.3 
  39.3   39.4   39.1   41.0   42.2 
  39.3   39.4   39.1   41.0   42.2 
  39.3   39.4   39.1   41.0   42.2 
  39.3   39.4   39.0   40.9   42.2 
  39.3   39.4   39.0   40.9   42.1 
  39.3   39.4   39.0   40.9   42.1 
  39.3   39.4   39.0   40.9   42.1 
  39.3   39.3   39.0   40.9   42.0 
  39.2   39.3   39.0   40.9   42.0 
  39.2   39.3   39.0   40.9   42.0 
  39.2   39.3   38.9   40.8   42.0 
  39.3   39.3   38.9   40.8   41.9 
  39.2   39.3   38.9   40.8   41.9 
  39.2   39.3   38.9   40.8   41.9 
  39.2   39.3   38.9   40.7   41.8 
  39.3   39.4   39.0   40.7   41.8 
  39.2   39.3   39.0   40.7   41.8 
  39.2   39.3   39.0   40.8   41.8 
  39.2   39.3   39.0   40.8   41.8 
  39.2   39.3   39.0   40.8   41.7 
  39.2   39.3   39.0   40.8   41.7 
  39.2   39.3   39.0   40.8   41.7 
  39.2   39.3   39.0   40.7   41.7 
  39.2   39.3   39.0   40.7   41.6 
  39.2   39.3   39.0   40.7   41.6 
  39.2   39.3   39.0   40.7   41.6 
  39.2   39.3   38.9   40.6   41.6 
  39.2   39.3   38.9   40.6   41.5 
  39.2   39.2   38.9   40.6   41.5 
  39.2   39.2   38.9   40.5   41.5 
  39.1   39.2   38.9   40.5   41.5 
  39.1   39.1   38.9   40.5   41.4 
  39.1   39.1   38.8   40.4   41.4 
  39.1   39.1   38.8   40.4   41.4 
  39.1   39.1   38.8   40.4   41.4 
  39.1   39.1   38.7   40.4   41.2 
  39.1   39.1   38.7   40.3   41.2 
  39.1   39.1   38.7   40.3   41.2 
  39.0   39.1   38.7   40.2   41.2 
  39.0   39.1   38.6   40.2   41.1 
  39.0   39.1   38.6   40.2   41.1 
  39.0   39.1   38.6   40.0   41.1 
  39.0   39.1   38.5   40.0   41.1 
  39.0   39.0   38.5   40.0   41.0 
  39.0   39.0   38.4   40.0   41.0 
  39.0   38.9   38.4   40.0   41.0 
  39.0   39.0   38.4   40.0   41.0 
  38.9   38.9   38.4   39.9   40.9 
  38.9   38.9   38.3   39.9   40.9 
  38.8   38.8   38.3   39.9   40.9 
  38.9   38.8   38.3   39.9   40.9 
  38.9   38.8   38.3   39.9   40.9 
  38.9   38.8   38.1   39.8   40.8 
  38.9   38.8   38.1   39.8   40.8 
  38.8   38.7   38.1   39.8   40.8 
  38.7   38.7   38.0   39.7   40.8 
  38.7   38.7   38.0   39.7   40.7 
  38.7   38.7   38.0   39.7   40.7 
  38.7   38.7   38.0   39.8   40.7 
  38.7   38.7   38.1   39.8   40.7 
  38.7   38.7   38.1   39.8   40.7 
  38.7   38.7   38.1   39.9   40.7 
  38.7   38.7   38.1   39.9   40.7 
  38.7   38.7   38.3   39.9   40.7 
  38.7   38.7   38.3   39.8   40.6 
  38.7   38.7   38.1   39.8   40.6 
  38.7   38.7   38.1   39.8   40.6 
  38.7   38.7   38.3   39.8   40.6 
  38.6   38.7   38.1   39.7   40.6 
  38.6   38.6   38.1   39.7   40.5 
  38.6   38.6   38.1   39.7   40.5 
  38.5   38.6   38.0   39.7   40.5 
  38.5   38.5   38.1   39.7   40.5 
  38.5   38.5   38.0   39.7   40.5 
  38.5   38.6   38.1   39.7   40.5 
  38.5   38.5   38.0   39.6   40.4 
  38.4   38.5   38.0   39.6   40.4 
  38.4   38.4   38.0   39.5   40.4 
  38.3   38.4   37.9   39.5   40.4 
  38.4   38.4   37.9   39.5   40.3 
  38.3   38.4   37.9   39.4   40.3 
  38.3   38.4   37.9   39.4   40.3 
  38.3   38.4   37.8   39.4   40.3 
  38.3   38.3   37.9   39.4   40.3 
  38.3   38.3   37.9   39.4   40.2 
  38.3   38.3   37.8   39.4   40.2 
  38.3   38.3   37.8   39.4   40.2 
  38.1   38.3   37.8   39.3   40.2 
  38.1   38.3   37.8   39.3   40.2 
  38.1   38.1   37.8   39.3   40.2 
  38.1   38.1   37.7   39.3   40.0 
  38.1   38.1   37.7   39.3   40.0 
  38.3   38.1   37.7   39.3   40.0 
  38.1   38.1   37.7   39.3   40.0 
  38.1   38.1   37.7   39.2   40.0 
  38.1   38.1   37.7   39.2   40.0 
  38.0   38.0   37.7   39.2   39.9 
  38.0   38.0   37.6   39.1   39.9 
  38.0   38.0   37.6   39.1   39.9 
  38.0   38.0   37.6   39.1   39.8 
  38.0   38.0   37.6   39.1   39.8 
  38.0   38.0   37.6   39.0   39.8 
  38.0   38.0   37.6   39.1   39.8 
  38.0   38.0   37.6   39.1   39.8 
  38.0   38.0   37.6   39.0   39.8 
  37.9   37.9   37.6   39.0   39.7 
  37.9   37.9   37.5   38.9   39.7 
  37.9   37.9   37.6   39.0   39.7 
  37.9   37.9   37.6   39.0   39.7 
  37.9   37.9   37.6   38.9   39.7 
  37.9   37.9   37.6   38.9   39.7 
  37.9   37.9   37.6   39.0   39.7 
  37.9   37.9   37.6   38.9   39.7 
  37.8   37.9   37.6   38.9   39.6 
  37.8   37.8   37.5   38.9   39.6 
  37.8   37.8   37.5   38.9   39.6 
  37.7   37.8   37.5   38.8   39.6 
  37.8   37.8   37.5   38.9   39.6 
  37.8   37.8   37.5   38.9   39.5 
  37.8   37.8   37.5   38.9   39.5 
  37.8   37.8   37.6   38.9   39.5 
  37.8   37.8   37.5   38.8   39.5 
  37.8   37.7   37.5   38.8   39.4 
  37.7   37.7   37.5   38.8   39.4 
  37.7   37.7   37.4   38.7   39.4 
  37.6   37.6   37.4   38.7   39.3 
  37.6   37.6   37.4   38.6   39.3 
  37.6   37.6   37.3   38.6   39.3 
  37.6   37.6   37.3   38.6   39.3 
  37.6   37.6   37.3   38.6   39.3 
  37.6   37.5   37.3   38.6   39.3 
  37.5   37.5   37.3   38.6   39.2 
  37.5   37.5   37.3   38.6   39.2 
  37.5   37.5   37.3   38.7   39.2 
  37.6   37.5   37.3   38.6   39.2 
  37.6   37.6   37.3   38.7   39.2 
  37.6   37.6   37.3   38.7   39.2 
  37.6   37.6   37.3   38.6   39.2 
  37.6   37.5   37.3   38.6   39.2 
  37.6   37.5   37.3   38.6   39.2 
  37.5   37.5   37.3   38.6   39.1 
  37.5   37.5   37.3   38.6   39.1 
  37.5   37.5   37.3   38.6   39.1 
  37.5   37.5   37.3   38.5   39.1 
  37.5   37.5   37.3   38.5   39.1 
  37.5   37.5   37.2   38.4   39.0 
  37.4   37.4   37.2   38.4   39.0 
  37.4   37.4   37.1   38.3   39.0 
  37.3   37.3   37.1   38.3   39.0 
  37.2   37.3   37.1   38.3   39.0 
  37.2   37.2   37.0   38.3   38.9 
  37.2   37.2   37.0   38.1   38.9 
  37.2   37.1   37.0   38.1   38.9 
  37.1   37.1   36.9   38.0   38.9 
  37.1   37.1   36.9   38.0   38.8 
  37.0   37.0   36.8   38.0   38.8 
  37.0   37.0   36.8   38.0   38.8 
  37.0   37.0   36.8   37.9   38.8 
  37.0   37.0   36.7   37.9   38.8 
  37.0   37.0   36.7   37.9   38.7 
  37.0   37.0   36.7   38.0   38.7 
  37.0   37.0   36.7   38.0   38.7 
  37.0   37.0   36.7   37.9   38.7 
  36.9   37.0   36.7   37.9   38.7 
  36.9   36.9   36.7   37.9   38.7 
  36.9   36.9   36.7   37.9   38.7 
  36.9   36.9   36.6   37.9   38.6 
  36.9   36.9   36.6   37.9   38.6 
  36.9   36.9   36.6   37.8   38.6 
  36.8   36.8   36.6   37.8   38.6 
  36.8   36.8   36.6   37.8   38.6 
  36.8   36.8   36.6   37.8   38.6 
  36.8   36.8   36.6   37.8   38.6 
  36.8   36.9   36.6   37.8   38.5 
  36.8   36.8   36.6   37.8   38.5 
  36.8   36.9   36.6   37.8   38.5 
  36.8   36.9   36.6   37.8   38.5 
  36.8   36.9   36.6   37.8   38.5 
  36.8   36.9   36.6   37.8   38.5 
  36.8   36.9   36.6   37.8   38.5 
  36.9   36.9   36.6   37.8   38.5 
  36.9   36.9   36.6   37.8   38.4 
  36.9   36.9   36.6   37.8   38.4 
  36.8   36.9   36.7   37.7   38.4 
  36.8   36.9   36.7   37.7   38.4 
  36.8   36.9   36.6   37.7   38.4 
  36.8   36.8   36.6   37.7   38.4 
  36.8   36.8   36.6   37.6   38.3 
  36.8   36.8   36.5   37.7   38.3 
  36.7   36.7   36.5   37.6   38.3 
  36.7   36.7   36.5   37.6   38.3 
  36.7   36.7   36.5   37.6   38.3 
  36.7   36.7   36.4   37.6   38.3 
  36.6   36.7   36.4   37.6   38.1 
  36.6   36.7   36.4   37.5   38.1 
  36.6   36.6   36.4   37.5   38.1 
  36.5   36.6   36.3   37.5   38.1 
  36.5   36.5   36.3   37.4   38.1 
  36.5   36.5   36.3   37.4   38.1 
  36.5   36.5   36.3   37.4   38.0 
  36.5   36.5   36.3   37.4   38.0 
  36.5   36.5   36.3   37.4   38.0 
  36.5   36.5   36.3   37.4   38.0 
  36.5   36.5   36.3   37.4   38.0 
  36.5   36.5   36.3   37.4   38.0 
  36.5   36.5   36.3   37.4   38.0 
  36.5   36.5   36.3   37.4   37.9 
  36.5   36.5   36.3   37.4   37.9 
  36.4   36.5   36.3   37.3   37.9 
  36.4   36.4   36.3   37.3   37.9 
  36.4   36.4   36.3   37.3   37.9 
  36.4   36.4   36.2   37.3   37.9 
  36.4   36.4   36.2   37.3   37.8 
  36.3   36.3   36.2   37.2   37.8 
  36.3   36.3   36.2   37.2   37.8 
  36.3   36.3   36.2   37.2   37.8 
  36.3   36.3   36.1   37.2   37.8 
  36.3   36.3   36.1   37.2   37.7 
  36.3   36.3   36.1   37.1   37.7 
  36.3   36.3   36.1   37.1   37.7 
  36.3   36.3   36.1   37.1   37.7 
  36.3   36.3   36.1   37.1   37.7 
  36.3   36.3   36.1   37.1   37.7 
  36.3   36.2   36.1   37.1   37.6 
  36.3   36.2   36.0   37.0   37.6 
  36.2   36.2   36.0   37.0   37.6 
  36.3   36.2   36.0   37.0   37.5 
  36.2   36.2   36.0   37.0   37.6 
  36.2   36.2   36.0   37.0   37.6 
  36.2   36.2   36.0   37.0   37.5 
  36.2   36.2   35.9   36.9   37.5 
  36.2   36.2   36.0   37.0   37.5 
  36.2   36.2   36.0   37.0   37.5 
  36.2   36.2   35.9   36.9   37.5 
  36.2   36.2   36.0   37.0   37.5 
  36.2   36.2   36.0   37.0   37.5 
  36.1   36.1   36.0   36.9   37.4 
  36.1   36.1   35.9   36.9   37.4 
  36.1   36.1   35.9   36.8   37.4 
  36.1   36.1   35.8   36.8   37.4 
  36.1   36.1   35.9   36.8   37.4 
  36.1   36.1   35.9   36.8   37.4 
  36.0   36.1   35.9   36.8   37.4 
  36.1   36.1   35.9   36.8   37.3 
  36.1   36.1   35.8   36.8   37.3 
  36.1   36.1   35.8   36.7   37.3 
  36.0   36.0   35.8   36.7   37.3 
  36.0   36.0   35.8   36.7   37.3 
  36.0   36.0   35.8   36.7   37.3 
  36.0   36.0   35.8   36.7   37.3 
  36.0   36.0   35.8   36.7   37.3 
  36.0   35.9   35.7   36.6   37.2 
  35.9   35.9   35.7   36.7   37.2 
  35.9   35.9   35.7   36.7   37.2 
  35.9   35.9   35.7   36.7   37.2 
  35.9   35.9   35.7   36.7   37.2 
  35.9   35.9   35.7   36.6   37.2 
  35.9   35.8   35.7   36.6   37.2 
  35.8   35.8   35.7   36.6   37.2 
  35.8   35.8   35.7   36.6   37.1 
  35.8   35.8   35.6   36.5   37.1 
  35.8   35.8   35.6   36.5   37.1 
  35.8   35.8   35.6   36.5   37.1 
  35.8   35.8   35.6   36.5   37.1 
  35.7   35.7   35.6   36.5   37.1 
  35.7   35.7   35.6   36.5   37.0 
  35.7   35.7   35.6   36.5   37.0 
  35.7   35.7   35.6   36.5   37.0 
  35.7   35.7   35.6   36.5   37.0 
  35.7   35.7   35.6   36.5   37.0 
  35.7   35.7   35.6   36.5   37.0 
  35.7   35.7   35.6   36.5   37.0 
  35.7   35.7   35.6   36.5   37.0 
  35.7   35.7   35.6   36.4   36.9 
  35.7   35.7   35.6   36.4   36.9 
  35.7   35.6   35.5   36.4   36.9 
  35.7   35.6   35.5   36.4   36.9 
  35.6   35.6   35.5   36.3   36.9 
  35.6   35.6   35.5   36.3   36.8 
  35.6   35.6   35.4   36.3   36.8 
  35.6   35.5   35.4   36.3   36.8 
  35.6   35.5   35.4   36.3   36.8 
  35.6   35.6   35.4   36.3   36.8 
  35.5   35.5   35.4   36.3   36.8 
  35.5   35.5   35.4   36.2   36.8 
  35.5   35.5   35.3   36.2   36.8 
  35.4   35.4   35.3   36.2   36.7 
  35.4   35.4   35.3   36.2   36.7 
  35.4   35.4   35.3   36.2   36.7 
  35.4   35.4   35.3   36.2   36.7 
  35.4   35.4   35.3   36.2   36.7 
  35.4   35.4   35.3   36.2   36.7 
  35.4   35.4   35.3   36.2   36.7 
  35.4   35.4   35.3   36.2   36.7 
  35.4   35.4   35.3   36.1   36.6 
  35.4   35.4   35.3   36.1   36.6 
  35.4   35.4   35.3   36.1   36.6 
  35.4   35.4   35.3   36.1   36.6 
  35.4   35.3   35.3   36.1   36.6 
  35.3   35.4   35.3   36.1   36.6 
  35.4   35.3   35.3   36.0   36.6 
  35.4   35.3   35.2   36.0   36.6 
  35.3   35.3   35.2   36.0   36.5 
  35.3   35.3   35.2   36.0   36.5 
  35.3   35.3   35.2   36.0   36.5 
  35.3   35.3   35.2   36.0   36.5 
  35.3   35.3   35.2   35.9   36.5 
  35.3   35.3   35.2   35.9   36.5 
  35.2   35.2   35.1   35.9   36.4 
  35.2   35.2   35.1   35.9   36.4 
  35.2   35.2   35.1   35.9   36.4 
  35.2   35.2   35.1   35.9   36.4 
  35.2   35.2   35.1   35.9   36.4 
  35.2   35.2   35.1   35.9   36.4 
  35.2   35.2   35.1   35.9   36.4 
  35.2   35.2   35.1   35.8   36.3 
  35.2   35.2   35.1   35.8   36.3 
  35.2   35.2   35.1   35.8   36.3 
  35.2   35.2   35.1   35.8   36.3 
  35.2   35.2   35.1   35.8   36.3 
  35.2   35.2   35.1   35.8   36.3 
  35.2   35.2   35.1   35.8   36.3 
  35.2   35.1   35.0   35.7   36.2 
  35.2   35.1   35.0   35.7   36.2 
  35.1   35.1   35.0   35.7   36.2 
  35.1   35.1   35.0   35.7   36.2 
  35.1   35.0   35.0   35.7   36.2 
  35.1   35.0   35.0   35.7   36.2 
  35.1   35.0   35.0   35.7   36.2 
  35.1   35.0   34.9   35.7   36.1 
  35.0   35.0   35.0   35.7   36.1 
  35.0   35.0   34.9   35.7   36.1 
  35.0   35.0   34.9   35.7   36.1 
  35.0   35.0   34.9   35.7   36.1 
  35.0   35.0   34.9   35.7   36.1 
  35.0   35.0   34.9   35.6   36.1 
  35.0   35.0   34.9   35.6   36.1 
  35.0   35.0   34.9   35.6   36.1 
  35.0   35.0   34.9   35.6   36.1 
  35.0   35.0   34.9   35.6   36.0 
  35.0   34.9   34.8   35.6   36.0 
  34.9   34.9   34.8   35.5   36.0 
  34.9   34.9   34.8   35.5   36.0 
  34.9   34.9   34.8   35.5   36.0 
  34.9   34.8   34.8   35.5   35.9 
  34.8   34.8   34.8   35.5   35.9 
  34.8   34.8   34.8   35.5   35.9 
  34.8   34.8   34.8   35.5   35.9 
  34.8   34.8   34.8   35.5   35.9 
  34.8   34.8   34.8   35.5   35.9 
  34.8   34.8   34.8   35.5   35.9 
  34.8   34.8   34.8   35.5   35.9 
  34.8   34.8   34.8   35.5   35.9 
  34.8   34.8   34.8   35.5   35.9 
  34.8   34.8   34.8   35.5   35.9 
  34.8   34.8   34.7   35.4   35.9 
  34.8   34.8   34.7   35.4   35.9 
  34.8   34.8   34.7   35.4   35.8 
  34.8   34.8   34.7   35.4   35.8 
  34.8   34.8   34.7   35.4   35.8 
  34.8   34.8   34.8   35.4   35.8 
  34.8   34.8   34.7   35.4   35.8 
  34.8   34.8   34.8   35.4   35.8 
  34.8   34.8   34.7   35.4   35.8 
  34.8   34.8   34.8   35.4   35.8 
  34.8   34.8   34.7   35.4   35.8 
  34.8   34.8   34.7   35.4   35.8 
  34.8   34.8   34.8   35.4   35.8 
  34.8   34.8   34.8   35.4   35.8 
  34.8   34.8   34.8   35.4   35.7 
  34.8   34.8   34.7   35.4   35.7 
  34.8   34.8   34.7   35.3   35.8 
  34.8   34.8   34.7   35.3   35.7 
  34.8   34.8   34.7   35.3   35.7 
  34.8   34.8   34.7   35.3   35.7 
  34.8   34.8   34.7   35.3   35.7 
  34.7   34.7   34.7   35.3   35.7 
  34.7   34.7   34.6   35.2   35.6 
  34.6   34.7   34.6   35.2   35.6 
  34.6   34.6   34.6   35.2   35.6 
  34.6   34.6   34.6   35.2   35.6 
  34.6   34.6   34.5   35.2   35.6 
  34.6   34.6   34.5   35.2   35.6 
  34.6   34.6   34.5   35.2   35.6 
  34.6   34.6   34.5   35.2   35.6 
  34.7   34.6   34.5   35.2   35.6 
  34.6   34.6   34.5   35.1   35.6 
  34.6   34.6   34.5   35.1   35.6 
  34.6   34.6   34.5   35.1   35.5 
  34.5   34.5   34.4   35.1   35.5 
  34.5   34.5   34.4   35.1   35.5 
  34.5   34.5   34.4   35.1   35.5 
  34.5   34.5   34.4   35.0   35.5 
  34.5   34.5   34.4   35.1   35.5 
  34.5   34.4   34.4   35.0   35.5 
  34.5   34.5   34.4   35.1   35.5 
  34.5   34.5   34.4   35.1   35.5 
  34.5   34.5   34.4   35.1   35.4 
  34.5   34.5   34.4   35.1   35.5 
  34.5   34.4   34.4   35.0   35.4 
  34.5   34.5   34.4   35.0   35.4 
  34.4   34.4   34.4   35.0   35.4 
  34.4   34.4   34.4   35.0   35.4 
  34.4   34.4   34.4   35.0   35.4 
  34.4   34.4   34.4   35.0   35.4 
  34.4   34.4   34.4   35.0   35.4 
  34.4   34.4   34.3   35.0   35.4 
  34.4   34.4   34.3   35.0   35.4 
  34.5   34.4   34.3   34.9   35.4 
  34.4   34.4   34.4   34.9   35.3 
  34.4   34.4   34.3   34.9   35.3 
  34.4   34.4   34.3   34.9   35.3 
  34.4   34.4   34.3   34.9   35.3 
  34.4   34.4   34.3   34.9   35.3 
  34.4   34.4   34.3   34.9   35.3 
  34.4   34.4   34.3   34.9   35.3 
  34.4   34.4   34.3   34.9   35.3 
  34.4   34.4   34.3   34.9   35.3 
  34.4   34.4   34.3   34.9   35.3 
  34.4   34.4   34.3   34.9   35.2 
  34.4   34.4   34.3   34.9   35.2 
  34.4   34.3   34.3   34.9   35.2 
  34.4   34.3   34.3   34.9   35.2 
  34.4   34.3   34.3   34.9   35.2 
  34.4   34.3   34.3   34.9   35.2 
  34.4   34.3   34.3   34.9   35.2 
  34.3   34.3   34.3   34.9   35.2 
  34.3   34.3   34.3   34.9   35.2 
  34.3   34.3   34.3   34.9   35.2 
  34.3   34.3   34.3   34.8   35.2 
  34.4   34.3   34.3   34.8   35.2 
  34.3   34.3   34.3   34.8   35.1 
  34.3   34.3   34.3   34.8   35.1 
  34.3   34.3   34.3   34.8   35.1 
  34.3   34.3   34.3   34.8   35.1 
  34.3   34.3   34.3   34.8   35.1 
  34.3   34.2   34.2   34.8   35.1 
  34.3   34.2   34.2   34.7   35.1 
  34.3   34.2   34.2   34.7   35.1 
  34.3   34.2   34.2   34.7   35.1 
  34.3   34.2   34.2   34.7   35.1 
  34.2   34.2   34.2   34.7   35.1 
  34.2   34.2   34.2   34.7   35.0 
  34.2   34.2   34.2   34.7   35.1 
  34.2   34.2   34.1   34.7   35.0 
  34.2   34.2   34.1   34.6   35.0 
  34.1   34.1   34.1   34.6   35.0 
  34.1   34.1   34.1   34.6   35.0 
  34.1   34.1   34.1   34.6   35.0 
  34.1   34.1   34.1   34.6   35.0 
  34.1   34.1   34.1   34.6   35.0 
  34.1   34.1   34.0   34.6   35.0 
  34.1   34.1   34.1   34.6   35.0 
  34.1   34.1   34.0   34.6   35.0 
  34.1   34.1   34.1   34.6   35.0 
  34.1   34.1   34.0   34.6   34.9 
  34.1   34.1   34.0   34.6   34.9 
  34.1   34.1   34.0   34.6   34.9 
  34.1   34.1   34.0   34.5   34.9 
  34.1   34.1   34.0   34.5   34.9 
  34.1   34.1   34.0   34.6   34.9 
  34.1   34.0   34.0   34.5   34.9 
  34.1   34.0   34.0   34.5   34.9 
  34.1   34.0   34.0   34.5   34.9 
  34.1   34.0   34.0   34.5   34.8 
  34.1   34.0   34.0   34.5   34.9 
  34.1   34.0   34.0   34.5   34.8 
  34.1   34.0   34.0   34.5   34.8 
  34.1   34.0   34.0   34.5   34.8 
  34.1   34.0   34.0   34.5   34.8 
  34.1   34.0   34.0   34.5   34.8 
  34.1   34.0   34.0   34.5   34.8 
  34.0   34.0   34.0   34.5   34.8 
  34.0   34.0   34.0   34.5   34.8 
  34.0   34.0   34.0   34.5   34.8 
  34.0   34.0   34.0   34.5   34.8 
  34.0   34.0   33.9   34.4   34.8 
  34.0   33.9   33.9   34.4   34.8 
  34.0   33.9   33.9   34.4   34.8 
  33.9   33.9   33.9   34.4   34.7 
  33.9   33.9   33.9   34.4   34.7 
  34.0   33.9   34.0   34.4   34.7 
  34.0   34.0   34.0   34.4   34.7 
  34.0   34.0   34.0   34.5   34.7 
  34.0   34.0   33.9   34.4   34.7 
  34.0   34.0   33.9   34.4   34.7 
  34.0   34.0   34.0   34.4   34.7 
  34.0   33.9   34.0   34.4   34.7 
  34.0   34.0   34.0   34.4   34.7 
  34.0   33.9   33.9   34.4   34.7 
  34.0   34.0   34.0   34.4   34.7 
  34.0   34.0   34.0   34.4   34.7 
  34.0   33.9   34.0   34.4   34.7 
  34.0   33.9   33.9   34.4   34.7 
  34.0   34.0   33.9   34.4   34.7 
  34.0   34.0   33.9   34.3   34.6 
  34.0   34.0   33.9   34.4   34.6 
  34.0   33.9   33.9   34.3   34.6 
  34.0   33.9   33.9   34.3   34.6 
  33.9   33.9   33.9   34.3   34.6 
  33.9   33.9   33.9   34.3   34.6 
  33.9   33.9   33.9   34.3   34.6 
  33.9   33.9   33.9   34.3   34.6 
  33.9   33.9   33.9   34.3   34.6 
  33.9   33.9   33.9   34.3   34.6 
  33.9   33.9   33.9   34.3   34.5 
  33.9   33.9   33.9   34.3   34.5 
  33.9   33.8   33.9   34.3   34.5 
  33.9   33.8   33.9   34.3   34.5 
  33.9   33.9   33.8   34.3   34.5 
  33.9   33.9   33.8   34.3   34.5 
  33.9   33.8   33.8   34.3   34.5 
  33.9   33.9   33.8   34.3   34.5 
  33.9   33.8   33.9   34.3   34.5 
  33.9   33.8   33.8   34.2   34.5 
  33.8   33.8   33.8   34.2   34.5 
  33.9   33.8   33.8   34.2   34.5 
  33.9   33.8   33.8   34.2   34.5 
  33.9   33.8   33.8   34.2   34.5 
  33.8   33.8   33.8   34.2   34.5 
  33.8   33.8   33.8   34.2   34.5 
  33.9   33.8   33.8   34.2   34.4 
  33.8   33.8   33.8   34.2   34.5 
  33.8   33.8   33.8   34.2   34.5 
  33.8   33.8   33.8   34.2   34.4 
  33.8   33.8   33.8   34.2   34.4 
  33.8   33.8   33.8   34.2   34.4 
  33.8   33.8   33.8   34.2   34.4 
  33.8   33.8   33.8   34.2   34.4 
  33.8   33.8   33.8   34.1   34.4 
  33.8   33.8   33.8   34.1   34.4 
  33.8   33.8   33.8   34.1   34.4 
  33.8   33.8   33.8   34.1   34.4 
  33.8   33.8   33.8   34.1   34.4 
  33.8   33.8   33.8   34.1   34.4 
  33.8   33.7   33.8   34.1   34.4 
  33.8   33.7   33.8   34.1   34.4 
  33.8   33.7   33.8   34.1   34.4 
  33.8   33.7   33.7   34.1   34.4 
  33.8   33.7   33.8   34.1   34.4 
  33.8   33.7   33.7   34.1   34.3 
  33.8   33.7   33.8   34.1   34.3 
  33.8   33.7   33.7   34.1   34.3 
  33.8   33.7   33.7   34.0   34.3 
  33.7   33.7   33.7   34.0   34.3 
  33.7   33.7   33.7   34.0   34.3 
  33.7   33.7   33.7   34.0   34.3 
  33.7   33.7   33.7   34.0   34.3 
  33.7   33.7   33.6   34.0   34.3 
  33.7   33.7   33.7   34.0   34.3 
  33.7   33.7   33.7   34.0   34.3 
  33.7   33.7   33.7   34.0   34.2 
  33.7   33.6   33.7   34.0   34.2 
  33.7   33.6   33.7   34.0   34.2 
  33.7   33.7   33.7   34.0   34.2 
  33.7   33.7   33.6   34.0   34.2 
  33.7   33.6   33.7   34.0   34.2 
  33.7   33.6   33.7   34.0   34.2 
  33.7   33.7   33.7   34.0   34.2 
  33.7   33.7   33.7   34.0   34.2 
  33.7   33.6   33.7   34.0   34.2 
  33.7   33.6   33.7   34.0   34.2 
  33.7   33.6   33.7   34.0   34.2 
  33.7   33.6   33.7   34.0   34.2 
  33.7   33.7   33.7   33.9   34.2 
  33.7   33.6   33.6   34.0   34.2 
  33.7   33.6   33.6   33.9   34.2 
  33.7   33.6   33.6   33.9   34.2 
  33.6   33.6   33.6   33.9   34.2 
  33.6   33.6   33.6   33.9   34.2 
  33.6   33.6   33.6   33.9   34.1 
  33.6   33.6   33.6   33.9   34.2 
  33.6   33.5   33.6   33.9   34.1 
  33.6   33.5   33.6   33.9   34.1 
  33.6   33.6   33.6   33.9   34.1 
  33.6   33.6   33.6   33.9   34.1 
  33.6   33.5   33.6   33.9   34.1 
  33.6   33.5   33.6   33.9   34.1 
  33.6   33.5   33.5   33.8   34.1 
  33.6   33.5   33.5   33.8   34.1 
  33.6   33.5   33.5   33.9   34.1 
  33.6   33.5   33.5   33.9   34.1 
  33.6   33.5   33.5   33.8   34.1 
  33.6   33.5   33.5   33.8   34.1 
  33.5   33.5   33.5   33.8   34.1 
  33.5   33.5   33.5   33.8   34.0 
  33.5   33.5   33.5   33.8   34.1 
  33.5   33.5   33.5   33.8   34.0 
  33.6   33.5   33.5   33.8   34.0 
  33.5   33.5   33.5   33.8   34.0 
  33.5   33.5   33.5   33.8   34.0 
  33.5   33.5   33.5   33.8   34.0 
  33.5   33.5   33.5   33.8   34.0 
  33.5   33.5   33.5   33.8   34.0 
  33.5   33.4   33.5   33.8   34.0 
  33.5   33.4   33.5   33.8   34.0 
  33.5   33.5   33.5   33.8   34.0 
  33.5   33.4   33.4   33.8   34.0 
  33.5   33.4   33.5   33.8   34.0 
  33.5   33.4   33.4   33.8   34.0 
  33.5   33.4   33.4   33.8   34.0 
  33.5   33.4   33.4   33.8   34.0 
  33.5   33.4   33.4   33.8   34.0 
  33.5   33.4   33.4   33.8   33.9 
  33.5   33.4   33.4   33.8   34.0 
  33.5   33.4   33.4   33.8   33.9 
  33.5   33.4   33.4   33.8   33.9 
  33.5   33.4   33.4   33.8   33.9 
  33.5   33.4   33.4   33.8   33.9 
  33.5   33.4   33.4   33.8   33.9 
  33.5   33.4   33.4   33.8   33.9 
  33.4   33.4   33.4   33.8   33.9 
  33.5   33.4   33.4   33.8   33.9 
  33.4   33.4   33.4   33.8   33.9 
  33.5   33.4   33.4   33.8   33.9 
  33.4   33.4   33.4   33.7   33.9 
  33.4   33.4   33.4   33.7   33.9 
  33.5   33.4   33.4   33.7   33.9 
  33.4   33.4   33.4   33.7   33.9 
  33.5   33.3   33.4   33.7   33.8 
  33.5   33.4   33.4   33.7   33.8 
  33.5   33.4   33.4   33.7   33.8 
  33.5   33.4   33.4   33.7   33.8 
  33.5   33.4   33.4   33.7   33.8 
  33.4   33.4   33.4   33.7   33.8 
  33.4   33.4   33.4   33.7   33.8 
  33.4   33.4   33.4   33.7   33.8 
  33.4   33.3   33.4   33.7   33.8 
  33.4   33.3   33.4   33.7   33.8 
  33.4   33.3   33.3   33.7   33.8 
  33.4   33.3   33.4   33.7   33.8 
  33.4   33.3   33.3   33.7   33.8 
  33.4   33.3   33.4   33.7   33.8 
  33.4   33.3   33.4   33.7   33.8 
  33.4   33.3   33.4   33.7   33.8 
  33.4   33.3   33.4   33.7   33.8 
  33.4   33.3   33.3   33.7   33.8 
  33.4   33.3   33.3   33.6   33.8 
  33.3   33.3   33.4   33.6   33.8 
  33.3   33.3   33.3   33.6   33.8 
  33.3   33.3   33.3   33.6   33.8 
  33.3   33.3   33.3   33.6   33.8 
  33.3   33.3   33.3   33.6   33.8 
  33.3   33.3   33.3   33.6   33.8 
  33.3   33.3   33.3   33.6   33.8 
  33.3   33.3   33.3   33.6   33.8 
  33.3   33.3   33.3   33.6   33.8 
  33.3   33.2   33.3   33.6   33.8 
  33.3   33.2   33.3   33.6   33.8 
  33.3   33.3   33.3   33.6   33.8 
  33.3   33.2   33.4   33.6   33.8 
  33.3   33.2   33.3   33.6   33.8 
  33.3   33.2   33.3   33.6   33.8 
  33.3   33.2   33.3   33.6   33.8 
  33.3   33.2   33.3   33.6   33.8 
  33.3   33.2   33.2   33.5   33.8 
  33.3   33.2   33.2   33.6   33.8 
  33.2   33.2   33.2   33.6   33.8 
  33.2   33.2   33.2   33.6   33.8 
  33.2   33.2   33.2   33.6   33.8 
  33.2   33.1   33.2   33.5   33.7 
  33.2   33.2   33.2   33.5   33.7 
  33.2   33.2   33.2   33.5   33.7 
  33.2   33.2   33.2   33.5   33.7 
  33.2   33.1   33.2   33.5   33.7 
  33.2   33.2   33.2   33.5   33.7 
  33.2   33.1   33.2   33.5   33.7 
  33.2   33.1   33.2   33.5   33.7 
  33.2   33.1   33.2   33.5   33.7 
  33.2   33.1   33.2   33.5   33.7 
  33.2   33.1   33.2   33.5   33.7 
  33.2   33.1   33.2   33.5   33.7 
  33.2   33.1   33.2   33.5   33.7 
  33.2   33.2   33.2   33.5   33.7 
  33.2   33.2   33.2   33.5   33.7 
  33.2   33.2   33.2   33.5   33.7 
  33.2   33.2   33.2   33.5   33.7 
  33.2   33.2   33.2   33.5   33.7 
  33.2   33.2   33.2   33.5   33.7 
  33.2   33.2   33.2   33.5   33.6 
  33.2   33.1   33.2   33.5   33.7 
  33.2   33.2   33.2   33.5   33.6 
  33.2   33.1   33.2   33.5   33.6 
  33.2   33.2   33.2   33.5   33.7 
  33.2   33.2   33.2   33.5   33.6 
  33.2   33.2   33.2   33.5   33.6 
  33.2   33.1   33.2   33.5   33.6 
  33.2   33.1   33.2   33.4   33.6 
  33.2   33.1   33.2   33.4   33.6 
  33.2   33.1   33.2   33.4   33.6 
  33.2   33.1   33.2   33.4   33.6 
  33.2   33.1   33.1   33.4   33.6 
  33.1   33.1   33.1   33.4   33.6 
  33.1   33.1   33.1   33.4   33.6 
  33.1   33.1   33.1   33.4   33.6 
  33.1   33.1   33.1   33.4   33.6 
  33.1   33.0   33.1   33.4   33.6 
  33.1   33.1   33.1   33.4   33.6 
  33.1   33.0   33.1   33.4   33.6 
  33.1   33.0   33.1   33.4   33.6 
  33.1   33.1   33.1   33.4   33.6 
  33.0   33.0   33.1   33.3   33.6 
  33.1   33.0   33.1   33.4   33.5 
  33.1   33.0   33.0   33.3   33.5 
  33.1   33.0   33.1   33.3   33.5 
  33.1   33.0   33.1   33.3   33.5 
  33.1   33.0   33.0   33.3   33.5 
  33.0   33.0   33.0   33.3   33.5 
  33.0   33.0   33.0   33.3   33.5 
  33.0   33.0   33.0   33.3   33.5 
  33.0   33.0   33.0   33.3   33.5 
  33.0   33.0   33.0   33.3   33.5 
  33.0   33.0   33.0   33.3   33.5 
  33.0   32.9   33.0   33.3   33.5 
  33.0   33.0   33.0   33.3   33.5 
  33.0   33.0   33.0   33.3   33.5 
  33.0   32.9   33.0   33.3   33.5 
  33.0   33.0   33.0   33.3   33.5 
  33.0   32.9   33.0   33.3   33.5 
  33.0   32.9   33.0   33.2   33.5 
  33.0   32.9   33.0   33.3   33.5 
  33.0   32.9   33.0   33.3   33.5 
  33.0   32.9   33.0   33.3   33.5 
  33.0   32.9   33.0   33.2   33.5 
  33.0   32.9   33.0   33.3   33.4 
  33.0   32.9   33.0   33.3   33.4 
  33.0   32.9   32.9   33.2   33.4 
  32.9   32.9   33.0   33.2   33.4 
  33.0   32.9   33.0   33.3   33.4 
  33.0   33.0   33.0   33.3   33.4 
  33.0   33.0   33.0   33.3   33.4 
  33.0   33.0   33.0   33.3   33.4 
  33.1   33.0   33.0   33.3   33.4 
  33.1   33.0   33.1   33.3   33.4 
  33.1   33.0   33.1   33.3   33.4 
  33.1   33.0   33.0   33.3   33.4 
  33.1   33.0   33.0   33.3   33.4 
  33.0   33.0   33.0   33.3   33.4 
  33.0   33.0   33.0   33.3   33.4 
  33.0   33.0   33.0   33.3   33.4 
  33.0   33.0   33.0   33.2   33.4 
  33.0   33.0   33.0   33.2   33.4 
  33.0   32.9   33.0   33.2   33.4 
  33.0   32.9   33.0   33.2   33.4 
  33.0   32.9   33.0   33.2   33.4 
  33.0   32.9   33.0   33.2   33.4 
  33.0   32.9   33.0   33.2   33.4 
  33.0   32.9   33.0   33.2   33.4 
  33.0   32.9   33.0   33.2   33.4 
  33.0   32.9   33.0   33.2   33.4 
  33.0   32.9   33.0   33.2   33.4 
  33.0   32.9   33.0   33.2   33.4 
  33.0   32.9   33.0   33.2   33.4 
  33.0   32.9   33.0   33.2   33.4 
  33.0   32.9   33.0   33.2   33.4 
  33.0   32.9   33.0   33.2   33.3 
  33.0   32.9   33.0   33.2   33.4 
  33.0   32.9   33.0   33.2   33.3 
  33.0   32.9   33.0   33.2   33.3 
  33.0   32.9   32.9   33.2   33.4 
  33.0   32.9   32.9   33.2   33.3 
  33.0   32.9   32.9   33.2   33.3 
  32.9   32.9   32.9   33.2   33.3 
  33.0   32.9   32.9   33.2   33.3 
  32.9   32.9   33.0   33.1   33.3 
  32.9   32.9   32.9   33.2   33.3 
  32.9   32.9   32.9   33.2   33.3 
  32.9   32.9   32.9   33.1   33.3 
  32.9   32.9   32.9   33.1   33.3 
  32.9   32.9   32.9   33.1   33.3 
  32.9   32.8   32.9   33.1   33.3 
  32.9   32.8   32.9   33.1   33.3 
  32.9   32.8   32.9   33.1   33.3 
  32.9   32.8   32.9   33.1   33.3 
  32.9   32.8   32.9   33.1   33.3 
  32.9   32.8   32.9   33.1   33.3 
  32.9   32.8   32.9   33.1   33.2 
  32.9   32.8   32.9   33.1   33.3 
  32.9   32.8   32.8   33.1   33.2 
  32.9   32.8   32.8   33.1   33.3 
  32.8   32.8   32.8   33.1   33.3 
  32.8   32.8   32.8   33.1   33.2 
  32.8   32.8   32.8   33.1   33.2 
  32.8   32.7   32.8   33.1   33.2 
  32.8   32.8   32.8   33.1   33.2 
  32.8   32.8   32.8   33.1   33.2 
  32.8   32.8   32.8   33.0   33.2 
  32.8   32.8   32.8   33.1   33.2 
  32.8   32.8   32.8   33.0   33.2 
  32.8   32.7   32.8   33.0   33.2 
  32.8   32.7   32.8   33.0   33.2 
  32.8   32.8   32.8   33.0   33.2 
  32.8   32.8   32.8   33.0   33.2 
  32.8   32.8   32.8   33.0   33.2 
  32.8   32.8   32.8   33.1   33.2 
  32.8   32.8   32.8   33.0   33.2 
  32.8   32.8   32.8   33.0   33.2 
  32.8   32.7   32.8   33.0   33.2 
  32.8   32.7   32.8   33.0   33.2 
  32.8   32.7   32.8   33.0   33.2 
  32.8   32.7   32.8   33.0   33.2 
  32.8   32.7   32.8   33.0   33.2 
  32.9   32.8   32.8   33.0   33.2 
  32.8   32.7   32.8   33.0   33.2 
